         0
         0
         0
2.36308e-15
1.35725e-14
4.28057e-14
1.0063e-13
1.98745e-13
3.51115e-13
5.75962e-13
8.97505e-13
1.34632e-12
1.95787e-12
2.76973e-12
3.8189e-12
5.14078e-12
6.77049e-12
8.74625e-12
1.11132e-11
1.3926e-11
1.72478e-11
2.11474e-11
2.56938e-11
3.09523e-11
3.69833e-11
4.38456e-11
5.16013e-11
6.03221e-11
7.00925e-11
8.10082e-11
9.31714e-11
1.06683e-10
1.21636e-10
1.38118e-10
1.56211e-10
1.75999e-10
1.97582e-10
2.21073e-10
 2.466e-10
2.74298e-10
3.04301e-10
3.36732e-10
3.71703e-10
4.09318e-10
4.49689e-10
4.92937e-10
5.39207e-10
5.88659e-10
6.4146e-10
6.97778e-10
7.57763e-10
8.21555e-10
8.89283e-10
9.61079e-10
1.03709e-09
1.1175e-09
1.20248e-09
1.29225e-09
 1.387e-09
1.48691e-09
1.59215e-09
1.70287e-09
1.81924e-09
1.94141e-09
2.06959e-09
2.20401e-09
2.3449e-09
2.4925e-09
 2.647e-09
2.80862e-09
2.97751e-09
3.15387e-09
3.33789e-09
3.5298e-09
3.72985e-09
3.93832e-09
4.15546e-09
4.38152e-09
4.61672e-09
4.86125e-09
5.11534e-09
5.37919e-09
5.65305e-09
5.93723e-09
6.23201e-09
6.53769e-09
6.85456e-09
7.18285e-09
7.52279e-09
7.87462e-09
8.23857e-09
8.61492e-09
9.00399e-09
9.40613e-09
9.82164e-09
1.02509e-08
1.0694e-08
1.11514e-08
1.16233e-08
1.21099e-08
1.26116e-08
1.31286e-08
1.36614e-08
1.42104e-08
1.47758e-08
1.53579e-08
1.59571e-08
1.65737e-08
1.72078e-08
1.78598e-08
1.85302e-08
1.92193e-08
1.99275e-08
2.06552e-08
2.14027e-08
2.21704e-08
2.29584e-08
2.37672e-08
2.45971e-08
2.54485e-08
2.63217e-08
2.72174e-08
2.81358e-08
2.90773e-08
3.00423e-08
3.10311e-08
3.2044e-08
3.30813e-08
3.41436e-08
3.52313e-08
3.63448e-08
3.74846e-08
3.86511e-08
3.98447e-08
4.10656e-08
4.23143e-08
4.35911e-08
4.48965e-08
4.6231e-08
4.75951e-08
4.89894e-08
5.04141e-08
5.18697e-08
5.33565e-08
5.4875e-08
5.64255e-08
5.80085e-08
5.96247e-08
6.12744e-08
6.29583e-08
6.46767e-08
6.64302e-08
6.82189e-08
7.00435e-08
7.19042e-08
7.38017e-08
7.57365e-08
7.77092e-08
7.97203e-08
8.17703e-08
8.38595e-08
8.59886e-08
8.81578e-08
9.03676e-08
9.26186e-08
9.49114e-08
9.72465e-08
9.96246e-08
1.02046e-07
1.04512e-07
1.07022e-07
1.09576e-07
1.12176e-07
1.14822e-07
1.17515e-07
1.20254e-07
1.23041e-07
1.25877e-07
1.28761e-07
1.31695e-07
1.34678e-07
1.37712e-07
1.40796e-07
1.43932e-07
1.4712e-07
1.50361e-07
1.53655e-07
1.57003e-07
1.60405e-07
1.63863e-07
1.67375e-07
1.70944e-07
1.7457e-07
1.78253e-07
1.81994e-07
1.85793e-07
1.89652e-07
1.93571e-07
1.9755e-07
2.0159e-07
2.05691e-07
2.09855e-07
2.14081e-07
2.18372e-07
2.22726e-07
2.27145e-07
2.3163e-07
2.36181e-07
2.40798e-07
2.45483e-07
2.50235e-07
2.55056e-07
2.59947e-07
2.64907e-07
2.69939e-07
2.75042e-07
2.80216e-07
2.85463e-07
2.90784e-07
2.96178e-07
3.01647e-07
3.07191e-07
3.12812e-07
3.1851e-07
3.24285e-07
3.30138e-07
3.36069e-07
3.42081e-07
3.48172e-07
3.54344e-07
3.60598e-07
3.66935e-07
3.73355e-07
3.79859e-07
3.86447e-07
3.93121e-07
3.9988e-07
4.06726e-07
4.13659e-07
4.20681e-07
4.27792e-07
4.34993e-07
4.42285e-07
4.49667e-07
4.57142e-07
4.64709e-07
4.72369e-07
4.80124e-07
4.87974e-07
4.9592e-07
5.03963e-07
5.12103e-07
5.20341e-07
5.28678e-07
5.37115e-07
5.45652e-07
5.5429e-07
5.63031e-07
5.71875e-07
5.80822e-07
5.89875e-07
5.99032e-07
6.08296e-07
6.17666e-07
6.27144e-07
6.36731e-07
6.46427e-07
6.56234e-07
6.66152e-07
6.76182e-07
6.86325e-07
6.96581e-07
7.06951e-07
7.17437e-07
7.28039e-07
7.38758e-07
7.49595e-07
7.60551e-07
7.71627e-07
7.82823e-07
7.9414e-07
8.0558e-07
8.17142e-07
8.28828e-07
8.40639e-07
8.52577e-07
8.64641e-07
8.76832e-07
8.89152e-07
9.01601e-07
9.1418e-07
9.26891e-07
9.39733e-07
9.52708e-07
9.65817e-07
9.79061e-07
9.92441e-07
1.00596e-06
1.01961e-06
1.0334e-06
1.04734e-06
1.06141e-06
1.07562e-06
1.08998e-06
1.10447e-06
1.11912e-06
1.13391e-06
1.14884e-06
1.16392e-06
1.17915e-06
1.19453e-06
1.21005e-06
1.22573e-06
1.24156e-06
1.25755e-06
1.27368e-06
1.28998e-06
1.30642e-06
1.32303e-06
1.33979e-06
1.35671e-06
1.37379e-06
1.39103e-06
1.40843e-06
 1.426e-06
1.44373e-06
1.46162e-06
1.47968e-06
1.49791e-06
1.5163e-06
1.53486e-06
1.5536e-06
1.5725e-06
1.59158e-06
1.61083e-06
1.63025e-06
1.64985e-06
1.66962e-06
1.68957e-06
1.7097e-06
1.73001e-06
1.7505e-06
1.77117e-06
1.79202e-06
1.81306e-06
1.83428e-06
1.85569e-06
1.87728e-06
1.89906e-06
1.92103e-06
1.94319e-06
1.96554e-06
1.98809e-06
2.01083e-06
2.03376e-06
2.05688e-06
2.08021e-06
2.10373e-06
2.12745e-06
2.15137e-06
2.17549e-06
2.19981e-06
2.22434e-06
2.24907e-06
2.27401e-06
2.29915e-06
2.3245e-06
2.35007e-06
2.37584e-06
2.40182e-06
2.42801e-06
2.45442e-06
2.48105e-06
2.50788e-06
2.53494e-06
2.56222e-06
2.58971e-06
2.61742e-06
2.64536e-06
2.67352e-06
2.70191e-06
2.73051e-06
2.75935e-06
2.78841e-06
2.81771e-06
2.84723e-06
2.87698e-06
2.90697e-06
2.93719e-06
2.96765e-06
2.99834e-06
3.02927e-06
3.06043e-06
3.09184e-06
3.12349e-06
3.15538e-06
3.18752e-06
3.2199e-06
3.25252e-06
3.2854e-06
3.31852e-06
3.35189e-06
3.38551e-06
3.41938e-06
3.45351e-06
3.4879e-06
3.52254e-06
3.55743e-06
3.59259e-06
 3.628e-06
3.66368e-06
3.69962e-06
3.73582e-06
3.77229e-06
3.80902e-06
3.84603e-06
3.8833e-06
3.92084e-06
3.95865e-06
3.99674e-06
4.03509e-06
4.07373e-06
4.11264e-06
4.15183e-06
4.1913e-06
4.23105e-06
4.27109e-06
4.3114e-06
 4.352e-06
4.39289e-06
4.43406e-06
4.47553e-06
4.51728e-06
4.55933e-06
4.60167e-06
4.6443e-06
4.68723e-06
4.73045e-06
4.77397e-06
4.8178e-06
4.86192e-06
4.90635e-06
4.95108e-06
4.99612e-06
5.04146e-06
5.08711e-06
5.13307e-06
5.17934e-06
5.22592e-06
5.27282e-06
5.32003e-06
5.36756e-06
5.41541e-06
5.46357e-06
5.51206e-06
5.56087e-06
  5.61e-06
5.65945e-06
5.70924e-06
5.75935e-06
5.80979e-06
5.86056e-06
5.91167e-06
5.9631e-06
6.01487e-06
6.06698e-06
6.11943e-06
6.17222e-06
6.22535e-06
6.27882e-06
6.33263e-06
6.38679e-06
6.4413e-06
6.49615e-06
6.55135e-06
6.60691e-06
6.66282e-06
6.71908e-06
6.7757e-06
6.83268e-06
6.89001e-06
6.94771e-06
7.00577e-06
7.06419e-06
7.12297e-06
7.18212e-06
7.24164e-06
7.30153e-06
7.3618e-06
7.42243e-06
7.48344e-06
7.54482e-06
7.60658e-06
7.66872e-06
7.73124e-06
7.79414e-06
7.85742e-06
7.92109e-06
7.98515e-06
8.04959e-06
8.11442e-06
8.17965e-06
8.24527e-06
8.31128e-06
8.37769e-06
8.44449e-06
8.5117e-06
8.5793e-06
8.64731e-06
8.71572e-06
8.78454e-06
8.85377e-06
8.9234e-06
8.99344e-06
9.0639e-06
9.13477e-06
9.20606e-06
9.27776e-06
9.34988e-06
9.42242e-06
9.49538e-06
9.56877e-06
9.64258e-06
9.71682e-06
9.79149e-06
9.86658e-06
9.94211e-06
1.00181e-05
1.00945e-05
1.01713e-05
1.02486e-05
1.03263e-05
1.04044e-05
1.0483e-05
1.05621e-05
1.06416e-05
1.07215e-05
1.08019e-05
1.08827e-05
1.0964e-05
1.10458e-05
1.1128e-05
1.12107e-05
1.12938e-05
1.13774e-05
1.14614e-05
1.15459e-05
1.16309e-05
1.17164e-05
1.18023e-05
1.18887e-05
1.19756e-05
1.20629e-05
1.21507e-05
1.2239e-05
1.23278e-05
1.24171e-05
1.25069e-05
1.25971e-05
1.26878e-05
1.2779e-05
1.28708e-05
1.2963e-05
1.30557e-05
1.31489e-05
1.32426e-05
1.33368e-05
1.34315e-05
1.35267e-05
1.36224e-05
1.37186e-05
1.38153e-05
1.39126e-05
1.40103e-05
1.41086e-05
1.42074e-05
1.43067e-05
1.44065e-05
1.45069e-05
1.46077e-05
1.47091e-05
1.48111e-05
1.49135e-05
1.50165e-05
 1.512e-05
1.52241e-05
1.53287e-05
1.54339e-05
1.55395e-05
1.56458e-05
1.57525e-05
1.58598e-05
1.59677e-05
1.60761e-05
1.61851e-05
1.62946e-05
1.64047e-05
1.65153e-05
1.66265e-05
1.67383e-05
1.68506e-05
1.69635e-05
1.70769e-05
1.7191e-05
1.73056e-05
1.74207e-05
1.75365e-05
1.76528e-05
1.77697e-05
1.78872e-05
1.80053e-05
1.81239e-05
1.82432e-05
1.8363e-05
1.84834e-05
1.86044e-05
1.8726e-05
1.88483e-05
1.89711e-05
1.90945e-05
1.92185e-05
1.93431e-05
1.94683e-05
1.95941e-05
1.97206e-05
1.98476e-05
1.99753e-05
2.01036e-05
2.02325e-05
2.0362e-05
2.04922e-05
2.0623e-05
2.07544e-05
2.08864e-05
2.10191e-05
2.11524e-05
2.12863e-05
2.14209e-05
2.15561e-05
2.16919e-05
2.18284e-05
2.19656e-05
2.21034e-05
2.22418e-05
2.23809e-05
2.25206e-05
2.2661e-05
2.28021e-05
2.29438e-05
2.30862e-05
2.32292e-05
2.33729e-05
2.35173e-05
2.36624e-05
2.38081e-05
2.39545e-05
2.41015e-05
2.42493e-05
2.43977e-05
2.45468e-05
2.46966e-05
2.48471e-05
2.49983e-05
2.51502e-05
2.53028e-05
2.5456e-05
 2.561e-05
2.57646e-05
 2.592e-05
2.60761e-05
2.62328e-05
2.63903e-05
2.65485e-05
2.67074e-05
2.6867e-05
2.70274e-05
2.71884e-05
2.73502e-05
2.75127e-05
2.7676e-05
2.78399e-05
2.80046e-05
2.81701e-05
2.83362e-05
2.85031e-05
2.86708e-05
2.88391e-05
2.90083e-05
2.91781e-05
2.93488e-05
2.95201e-05
2.96923e-05
2.98651e-05
3.00388e-05
3.02132e-05
3.03884e-05
3.05643e-05
3.0741e-05
3.09184e-05
3.10967e-05
3.12757e-05
3.14555e-05
3.1636e-05
3.18174e-05
3.19995e-05
3.21824e-05
3.23661e-05
3.25506e-05
3.27359e-05
3.29219e-05
3.31088e-05
3.32965e-05
3.34849e-05
3.36742e-05
3.38643e-05
3.40552e-05
3.42469e-05
3.44394e-05
3.46327e-05
3.48269e-05
3.50218e-05
3.52176e-05
3.54142e-05
3.56117e-05
3.58099e-05
3.6009e-05
3.6209e-05
3.64097e-05
3.66114e-05
3.68138e-05
3.70171e-05
3.72212e-05
3.74262e-05
3.76321e-05
3.78388e-05
3.80463e-05
3.82547e-05
3.8464e-05
3.86741e-05
3.88851e-05
3.9097e-05
3.93097e-05
3.95233e-05
3.97378e-05
3.99532e-05
4.01694e-05
4.03866e-05
4.06046e-05
4.08235e-05
4.10432e-05
4.12639e-05
4.14855e-05
4.1708e-05
4.19313e-05
4.21556e-05
4.23808e-05
4.26069e-05
4.28339e-05
4.30618e-05
4.32906e-05
4.35204e-05
4.3751e-05
4.39826e-05
4.42151e-05
4.44486e-05
4.46829e-05
4.49182e-05
4.51545e-05
4.53916e-05
4.56297e-05
4.58688e-05
4.61088e-05
4.63498e-05
4.65917e-05
4.68345e-05
4.70783e-05
4.73231e-05
4.75688e-05
4.78155e-05
4.80632e-05
4.83118e-05
4.85614e-05
4.88119e-05
4.90635e-05
4.9316e-05
4.95695e-05
4.9824e-05
5.00795e-05
5.0336e-05
5.05934e-05
5.08519e-05
5.11113e-05
5.13718e-05
5.16332e-05
5.18957e-05
5.21592e-05
5.24236e-05
5.26891e-05
5.29556e-05
5.32231e-05
5.34917e-05
5.37613e-05
5.40319e-05
5.43035e-05
5.45761e-05
5.48498e-05
5.51246e-05
5.54003e-05
5.56772e-05
5.5955e-05
5.62339e-05
5.65139e-05
5.67949e-05
5.7077e-05
5.73601e-05
5.76443e-05
5.79295e-05
5.82158e-05
5.85032e-05
5.87917e-05
5.90812e-05
5.93719e-05
5.96636e-05
5.99563e-05
6.02502e-05
6.05452e-05
6.08412e-05
6.11384e-05
6.14366e-05
6.1736e-05
6.20364e-05
6.2338e-05
6.26406e-05
6.29444e-05
6.32493e-05
6.35553e-05
6.38624e-05
6.41707e-05
6.44801e-05
6.47906e-05
6.51022e-05
6.5415e-05
6.57289e-05
6.60439e-05
6.63601e-05
6.66775e-05
6.6996e-05
6.73156e-05
6.76364e-05
6.79583e-05
6.82815e-05
6.86057e-05
6.89312e-05
6.92578e-05
6.95856e-05
6.99145e-05
7.02446e-05
7.0576e-05
7.09085e-05
7.12421e-05
7.1577e-05
7.19131e-05
7.22504e-05
7.25888e-05
7.29285e-05
7.32693e-05
7.36114e-05
7.39547e-05
7.42992e-05
7.46449e-05
7.49918e-05
 7.534e-05
7.56894e-05
 7.604e-05
7.63918e-05
7.67449e-05
7.70992e-05
7.74547e-05
7.78115e-05
7.81696e-05
7.85288e-05
7.88894e-05
7.92512e-05
7.96142e-05
7.99785e-05
8.03441e-05
8.07109e-05
8.10791e-05
8.14484e-05
8.18191e-05
8.2191e-05
8.25643e-05
8.29388e-05
8.33146e-05
8.36917e-05
 8.407e-05
8.44497e-05
8.48307e-05
8.5213e-05
8.55966e-05
8.59815e-05
8.63677e-05
8.67552e-05
8.71441e-05
8.75343e-05
8.79258e-05
8.83186e-05
8.87128e-05
8.91082e-05
8.95051e-05
8.99033e-05
9.03028e-05
9.07036e-05
9.11059e-05
9.15094e-05
9.19144e-05
9.23207e-05
9.27283e-05
9.31373e-05
9.35477e-05
9.39595e-05
9.43726e-05
9.47872e-05
9.52031e-05
9.56204e-05
9.6039e-05
9.64591e-05
9.68806e-05
9.73034e-05
9.77277e-05
9.81534e-05
9.85805e-05
9.9009e-05
9.94389e-05
9.98702e-05
0.000100303
0.000100737
0.000101173
0.00010161
0.000102048
0.000102488
0.000102929
0.000103372
0.000103817
0.000104262
0.000104709
0.000105158
0.000105608
0.00010606
0.000106513
0.000106967
0.000107423
0.00010788
0.000108339
 0.0001088
0.000109262
0.000109725
0.00011019
0.000110656
0.000111124
0.000111593
0.000112064
0.000112537
0.000113011
0.000113486
0.000113963
0.000114441
0.000114921
0.000115403
0.000115886
0.000116371
0.000116857
0.000117344
0.000117834
0.000118324
0.000118817
0.000119311
0.000119806
0.000120303
0.000120802
0.000121302
0.000121804
0.000122307
0.000122812
0.000123318
0.000123826
0.000124336
0.000124847
0.00012536
0.000125875
0.000126391
0.000126909
0.000127428
0.000127949
0.000128472
0.000128996
0.000129522
0.000130049
0.000130578
0.000131109
0.000131641
