         0
6.33327e-09
3.16643e-08
8.86506e-08
1.89937e-07
3.48151e-07
5.75896e-07
8.85748e-07
1.29025e-06
1.8019e-06
2.43316e-06
3.19643e-06
4.10407e-06
5.16836e-06
6.40154e-06
7.81575e-06
9.42306e-06
1.12355e-05
1.32649e-05
1.55231e-05
1.80219e-05
2.07727e-05
2.37872e-05
2.70768e-05
3.06525e-05
3.45257e-05
3.87073e-05
4.32081e-05
4.8039e-05
5.32104e-05
5.87328e-05
6.46165e-05
7.08715e-05
7.75079e-05
8.45353e-05
9.19634e-05
9.98015e-05
0.000108059
0.000116745
0.000125867
0.000135436
0.000145459
0.000155944
0.000166899
0.000178333
0.000190252
0.000202664
0.000215575
0.000228994
0.000242926
0.000257378
0.000272356
0.000287865
0.000303911
 0.0003205
0.000337637
0.000355325
0.00037357
0.000392376
0.000411747
0.000431686
0.000452197
0.000473283
0.000494946
0.000517188
0.000540013
0.000563422
0.000587415
0.000611995
0.000637163
0.000662918
0.000689261
0.000716192
0.00074371
0.000771815
0.000800506
0.00082978
0.000859637
0.000890074
0.000921088
0.000952678
0.000984839
0.00101757
0.00105086
0.00108471
0.00111912
0.00115408
0.00118959
0.00122563
0.00126221
0.00129931
0.00133694
0.00137508
0.00141372
0.00145287
 0.0014925
0.00153261
 0.0015732
0.00161425
0.00165576
0.00169771
0.00174009
0.00178289
0.00182611
0.00186973
0.00191374
0.00195812
0.00200287
0.00204797
0.00209341
0.00213917
0.00218525
0.00223162
0.00227827
 0.0023252
0.00237237
0.00241978
0.00246742
0.00251526
0.00256328
0.00261148
0.00265983
0.00270833
0.00275693
0.00280565
0.00285444
 0.0029033
 0.0029522
0.00300113
0.00305007
0.00309899
0.00314788
0.00319672
0.00324548
0.00329414
0.00334269
 0.0033911
0.00343935
0.00348742
0.00353528
0.00358292
 0.0036303
0.00367742
0.00372424
0.00377074
 0.0038169
0.00386269
0.00390809
0.00395308
0.00399763
0.00404172
0.00408532
 0.0041284
0.00417095
0.00421294
0.00425433
0.00429512
0.00433526
0.00437474
0.00441353
 0.0044516
0.00448893
0.00452549
0.00456126
 0.0045962
 0.0046303
0.00466352
0.00469584
0.00472724
0.00475768
0.00478714
0.00481559
0.00484301
0.00486937
0.00489464
0.00491879
0.00494181
0.00496366
0.00498431
0.00500375
0.00502194
0.00503885
0.00505446
0.00506875
0.00508169
0.00509324
 0.0051034
0.00511212
0.00511938
0.00512516
0.00512944
0.00513218
0.00513336
0.00513296
0.00513095
 0.0051273
  0.005122
0.00511501
0.00510632
 0.0050959
0.00508371
0.00506976
0.00505399
0.00503641
0.00501697
0.00499567
0.00497247
0.00494735
 0.0049203
0.00489129
 0.0048603
0.00482731
0.00479229
0.00475523
0.00471612
0.00467491
0.00463161
0.00458619
0.00453863
0.00448891
0.00443701
0.00438293
0.00432663
0.00426811
0.00420734
0.00414431
0.00407901
0.00401142
0.00394153
0.00386932
0.00379477
0.00371788
0.00363863
  0.003557
  0.003473
0.00338659
0.00329778
0.00320656
0.00311291
0.00301682
0.00291828
0.00281729
0.00271384
0.00260791
0.00249951
0.00238862
0.00227524
0.00215937
0.00204099
0.00192011
0.00179672
0.00167081
0.00154239
0.00141145
0.00127799
  0.001142
0.00100349
0.000862463
0.000718908
0.000572832
0.000424235
0.000273119
0.000119488
-3.66565e-05
-0.00019531
-0.000356469
-0.000520127
-0.00068628
-0.000854922
-0.00102605
-0.00119964
-0.00137571
-0.00155423
-0.00173521
-0.00191862
-0.00210447
-0.00229273
-0.00248341
-0.00267648
-0.00287193
-0.00306976
-0.00326994
-0.00347247
-0.00367733
-0.00388451
-0.00409398
-0.00430573
-0.00451975
-0.00473602
-0.00495452
-0.00517523
-0.00539813
-0.00562321
-0.00585044
-0.0060798
-0.00631128
-0.00654484
-0.00678047
-0.00701814
-0.00725784
-0.00749953
-0.00774319
-0.00798881
-0.00823634
-0.00848578
-0.00873708
-0.00899023
-0.00924519
-0.00950195
-0.00976046
-0.0100207
-0.0102827
-0.0105463
-0.0108115
-0.0110784
-0.0113469
-0.0116169
-0.0118884
-0.0121614
-0.0124359
-0.0127118
-0.0129891
-0.0132677
-0.0135477
-0.0138289
-0.0141114
-0.0143951
  -0.01468
 -0.014966
-0.0152531
-0.0155413
-0.0158306
-0.0161208
 -0.016412
-0.0167041
-0.0169971
 -0.017291
-0.0175856
 -0.017881
-0.0181772
 -0.018474
-0.0187715
-0.0190696
-0.0193683
-0.0196675
-0.0199672
-0.0202673
-0.0205679
-0.0208688
  -0.02117
-0.0214716
-0.0217733
-0.0220753
-0.0223774
-0.0226797
 -0.022982
-0.0232844
-0.0235868
-0.0238891
-0.0241913
-0.0244934
-0.0247954
-0.0250971
-0.0253985
-0.0256997
-0.0260005
-0.0263009
-0.0266009
-0.0269005
-0.0271995
-0.0274979
-0.0277958
-0.0280931
-0.0283896
-0.0286855
-0.0289805
-0.0292748
-0.0295682
-0.0298608
-0.0301524
-0.0304431
-0.0307327
-0.0310213
-0.0313088
-0.0315952
-0.0318804
-0.0321644
-0.0324471
-0.0327286
-0.0330087
-0.0332875
-0.0335648
-0.0338408
-0.0341152
-0.0343881
-0.0346595
-0.0349292
-0.0351973
-0.0354638
-0.0357286
-0.0359916
-0.0362528
-0.0365122
-0.0367698
-0.0370255
-0.0372793
-0.0375311
 -0.037781
-0.0380288
-0.0382746
-0.0385183
-0.0387598
-0.0389993
-0.0392365
-0.0394716
-0.0397044
 -0.039935
-0.0401632
-0.0403891
-0.0406127
-0.0408339
-0.0410527
 -0.041269
-0.0414829
-0.0416943
-0.0419032
-0.0421095
-0.0423133
-0.0425145
 -0.042713
 -0.042909
-0.0431023
-0.0432929
-0.0434808
 -0.043666
-0.0438484
-0.0440281
 -0.044205
-0.0443791
-0.0445504
-0.0447189
-0.0448845
-0.0450473
-0.0452071
-0.0453641
-0.0455181
-0.0456693
-0.0458175
-0.0459627
 -0.046105
-0.0462443
-0.0463806
-0.0465139
-0.0466442
-0.0467715
-0.0468958
 -0.047017
-0.0471352
-0.0472504
-0.0473625
-0.0474715
-0.0475775
-0.0476804
-0.0477802
 -0.047877
-0.0479707
-0.0480613
-0.0481488
-0.0482333
-0.0483146
-0.0483929
-0.0484681
-0.0485403
-0.0486093
-0.0486753
-0.0487382
-0.0487981
-0.0488549
-0.0489086
-0.0489593
-0.0490069
-0.0490515
-0.0490931
-0.0491317
-0.0491672
-0.0491998
-0.0492294
-0.0492559
-0.0492795
-0.0493002
-0.0493179
-0.0493327
-0.0493445
-0.0493535
-0.0493595
-0.0493627
 -0.049363
-0.0493605
-0.0493551
-0.0493469
 -0.049336
-0.0493222
-0.0493057
-0.0492865
-0.0492645
-0.0492398
-0.0492125
-0.0491825
-0.0491498
-0.0491145
-0.0490767
-0.0490363
-0.0489933
-0.0489478
-0.0488998
-0.0488493
-0.0487964
 -0.048741
-0.0486832
-0.0486231
-0.0485606
-0.0484958
-0.0484287
-0.0483593
-0.0482877
-0.0482139
-0.0481379
-0.0480597
-0.0479794
 -0.047897
-0.0478126
-0.0477261
-0.0476376
-0.0475471
-0.0474547
-0.0473604
-0.0472641
-0.0471661
-0.0470662
-0.0469645
-0.0468611
-0.0467559
-0.0466491
-0.0465406
-0.0464305
-0.0463188
-0.0462055
-0.0460907
-0.0459744
-0.0458567
-0.0457375
 -0.045617
 -0.045495
-0.0453718
-0.0452473
-0.0451215
-0.0449946
-0.0448664
-0.0447371
-0.0446067
-0.0444752
-0.0443426
-0.0442091
-0.0440745
 -0.043939
-0.0438027
-0.0436654
-0.0435273
-0.0433885
-0.0432488
-0.0431084
-0.0429673
-0.0428256
-0.0426832
-0.0425403
-0.0423967
-0.0422527
-0.0421081
-0.0419631
-0.0418177
-0.0416718
-0.0415257
-0.0413791
-0.0412323
-0.0410852
-0.0409379
-0.0407904
-0.0406428
 -0.040495
-0.0403471
-0.0401991
-0.0400511
-0.0399031
-0.0397551
-0.0396071
-0.0394593
-0.0393115
-0.0391639
-0.0390165
-0.0388692
-0.0387222
-0.0385755
 -0.038429
-0.0382828
 -0.038137
-0.0379915
-0.0378464
-0.0377017
-0.0375575
-0.0374138
-0.0372705
-0.0371277
-0.0369855
-0.0368439
-0.0367028
-0.0365623
-0.0364225
-0.0362833
-0.0361448
 -0.036007
-0.0358699
-0.0357335
-0.0355979
 -0.035463
 -0.035329
-0.0351957
-0.0350633
-0.0349317
 -0.034801
-0.0346711
-0.0345422
-0.0344141
-0.0342869
-0.0341607
-0.0340355
-0.0339111
-0.0337878
-0.0336654
-0.0335441
-0.0334237
-0.0333044
 -0.033186
-0.0330687
-0.0329525
-0.0328373
-0.0327231
  -0.03261
 -0.032498
 -0.032387
-0.0322771
-0.0321683
-0.0320606
 -0.031954
-0.0318485
 -0.031744
-0.0316407
-0.0315384
-0.0314373
-0.0313372
-0.0312382
-0.0311404
-0.0310436
-0.0309479
-0.0308533
-0.0307598
-0.0306674
 -0.030576
-0.0304857
-0.0303965
-0.0303083
-0.0302212
-0.0301351
  -0.03005
 -0.029966
 -0.029883
 -0.029801
  -0.02972
  -0.02964
 -0.029561
-0.0294829
-0.0294058
-0.0293296
-0.0292543
  -0.02918
-0.0291065
 -0.029034
-0.0289623
-0.0288914
-0.0288214
-0.0287522
-0.0286838
-0.0286162
-0.0285494
-0.0284833
 -0.028418
-0.0283533
-0.0282894
-0.0282261
-0.0281635
-0.0281015
-0.0280401
-0.0279793
-0.0279191
-0.0278594
-0.0278003
-0.0277416
-0.0276834
-0.0276257
-0.0275684
-0.0275115
 -0.027455
-0.0273989
-0.0273431
-0.0272875
-0.0272323
-0.0271773
-0.0271226
-0.0270681
-0.0270137
-0.0269595
-0.0269054
-0.0268514
-0.0267975
-0.0267437
-0.0266898
-0.0266359
-0.0265821
-0.0265281
 -0.026474
-0.0264199
-0.0263656
-0.0263111
-0.0262564
-0.0262015
-0.0261463
-0.0260908
 -0.026035
-0.0259789
-0.0259224
-0.0258655
-0.0258082
-0.0257505
-0.0256922
-0.0256335
-0.0255742
-0.0255144
-0.0254539
-0.0253929
-0.0253312
-0.0252689
-0.0252058
-0.0251421
-0.0250776
-0.0250123
-0.0249462
-0.0248793
-0.0248116
 -0.024743
-0.0246735
 -0.024603
-0.0245317
-0.0244594
 -0.024386
-0.0243117
-0.0242363
-0.0241599
-0.0240824
-0.0240038
-0.0239241
-0.0238433
-0.0237613
-0.0236781
-0.0235937
-0.0235081
-0.0234213
-0.0233332
-0.0232438
-0.0231532
-0.0230613
 -0.022968
-0.0228734
-0.0227775
-0.0226802
-0.0225816
-0.0224815
-0.0223801
-0.0222772
 -0.022173
-0.0220673
-0.0219601
-0.0218515
-0.0217415
  -0.02163
 -0.021517
-0.0214025
-0.0212866
-0.0211692
-0.0210502
-0.0209298
-0.0208079
-0.0206844
-0.0205595
 -0.020433
-0.0203051
-0.0201756
-0.0200446
-0.0199122
-0.0197782
-0.0196427
-0.0195057
-0.0193673
-0.0192273
-0.0190859
 -0.018943
-0.0187986
-0.0186528
-0.0185055
-0.0183568
-0.0182067
-0.0180551
-0.0179022
-0.0177478
-0.0175921
 -0.017435
-0.0172765
-0.0171167
-0.0169556
-0.0167932
-0.0166295
-0.0164645
-0.0162983
-0.0161309
-0.0159622
-0.0157924
-0.0156214
-0.0154493
 -0.015276
-0.0151017
-0.0149262
-0.0147498
-0.0145723
-0.0143938
-0.0142143
-0.0140339
-0.0138526
-0.0136705
-0.0134874
-0.0133036
-0.0131189
-0.0129335
-0.0127474
-0.0125605
-0.0123731
-0.0121849
-0.0119962
-0.0118069
-0.0116171
-0.0114268
-0.0112361
-0.0110449
-0.0108534
-0.0106615
-0.0104693
-0.0102768
-0.0100841
-0.00989124
-0.00969821
-0.00950506
-0.00931184
-0.00911859
-0.00892535
-0.00873216
-0.00853906
-0.00834609
-0.0081533
-0.00796073
-0.00776841
-0.0075764
-0.00738473
-0.00719344
-0.00700259
-0.00681221
-0.00662234
-0.00643303
-0.00624433
-0.00605627
-0.0058689
-0.00568226
-0.0054964
-0.00531136
-0.00512718
-0.0049439
-0.00476158
-0.00458025
-0.00439995
-0.00422074
-0.00404265
-0.00386572
  -0.00369
-0.00351553
-0.00334236
-0.00317052
-0.00300005
-0.00283101
-0.00266342
-0.00249734
-0.0023328
-0.00216984
-0.0020085
-0.00184882
-0.00169085
-0.00153462
-0.00138017
-0.00122753
-0.00107675
-0.000927861
-0.000780903
-0.000635911
-0.000492921
-0.000351968
-0.000213087
-7.63126e-05
5.83219e-05
0.000190783
0.000321039
0.000449056
0.000574805
0.000698254
0.000819374
0.000938134
0.00105451
0.00116846
0.00127998
0.00138902
0.00149557
 0.0015996
0.00170108
    0.0018
0.00189632
0.00199003
0.00208111
0.00216953
0.00225527
0.00233833
0.00241867
0.00249628
0.00257116
0.00264327
 0.0027126
0.00277915
0.00284291
0.00290384
0.00296196
0.00301724
0.00306969
0.00311928
0.00316601
0.00320989
0.00325089
0.00328903
0.00332429
0.00335667
0.00338617
0.00341279
0.00343653
0.00345739
0.00347538
 0.0034905
0.00350275
0.00351214
0.00351867
0.00352235
 0.0035232
0.00352121
 0.0035164
0.00350879
0.00349837
0.00348518
0.00346921
0.00345049
0.00342903
0.00340486
0.00337797
0.00334841
0.00331618
 0.0032813
 0.0032438
0.00320371
0.00316104
0.00311582
0.00306807
0.00301783
0.00296511
0.00290995
0.00285237
0.00279241
0.00273009
0.00266546
0.00259853
0.00252935
0.00245794
