         0
2.88677e-13
4.62021e-12
2.3398e-11
7.3975e-11
1.80664e-10
3.74743e-10
6.94466e-10
1.18506e-09
1.89873e-09
2.89466e-09
 4.239e-09
6.00486e-09
8.27235e-09
1.11285e-08
1.46672e-08
1.89894e-08
2.42029e-08
3.04224e-08
3.77693e-08
4.63722e-08
5.63661e-08
6.78931e-08
8.11018e-08
9.61477e-08
1.13193e-07
1.32406e-07
1.53963e-07
1.78046e-07
2.04842e-07
2.34547e-07
2.67362e-07
3.03495e-07
3.4316e-07
3.86576e-07
4.33972e-07
4.85578e-07
5.41634e-07
6.02384e-07
6.68079e-07
7.38975e-07
8.15335e-07
8.97425e-07
9.85521e-07
1.0799e-06
1.18085e-06
1.28865e-06
1.40361e-06
1.52602e-06
1.65619e-06
1.79443e-06
1.94105e-06
2.09638e-06
2.26074e-06
2.43445e-06
2.61786e-06
2.8113e-06
3.01511e-06
3.22964e-06
3.45524e-06
3.69227e-06
3.94107e-06
4.20203e-06
4.47549e-06
4.76183e-06
5.06143e-06
5.37465e-06
5.70187e-06
6.04349e-06
6.39987e-06
6.77141e-06
7.1585e-06
7.56152e-06
7.98088e-06
8.41696e-06
8.87017e-06
9.34091e-06
9.82957e-06
1.03366e-05
1.08623e-05
1.14071e-05
1.19715e-05
1.25559e-05
1.31606e-05
1.3786e-05
1.44327e-05
1.51009e-05
1.57911e-05
1.65037e-05
1.72391e-05
1.79978e-05
 1.878e-05
1.95863e-05
2.0417e-05
2.12725e-05
2.21533e-05
2.30598e-05
2.39922e-05
2.49511e-05
2.59369e-05
2.69498e-05
2.79904e-05
2.9059e-05
3.0156e-05
3.12818e-05
3.24367e-05
3.36212e-05
3.48356e-05
3.60802e-05
3.73556e-05
3.86619e-05
3.99996e-05
4.1369e-05
4.27705e-05
4.42044e-05
4.5671e-05
4.71708e-05
4.8704e-05
5.0271e-05
5.1872e-05
5.35074e-05
5.51775e-05
5.68826e-05
5.8623e-05
6.0399e-05
6.22109e-05
6.40589e-05
6.59434e-05
6.78645e-05
6.98226e-05
7.18178e-05
7.38505e-05
7.59209e-05
7.80292e-05
8.01756e-05
8.23603e-05
8.45836e-05
8.68456e-05
8.91465e-05
9.14865e-05
9.38658e-05
9.62845e-05
9.87428e-05
0.000101241
0.000103779
0.000106357
0.000108975
0.000111633
0.000114331
0.00011707
0.000119849
0.000122669
0.00012553
0.000128431
0.000131373
0.000134355
0.000137378
0.000140442
0.000143547
0.000146692
0.000149878
0.000153105
0.000156372
0.00015968
0.000163028
0.000166417
0.000169846
0.000173315
0.000176824
0.000180373
0.000183962
0.000187591
0.000191259
0.000194966
0.000198713
0.000202498
0.000206323
0.000210185
0.000214086
0.000218025
0.000222002
0.000226016
0.000230068
0.000234156
0.000238282
0.000242443
0.000246641
0.000250874
0.000255142
0.000259446
0.000263784
0.000268156
0.000272562
0.000277002
0.000281474
0.000285979
0.000290516
0.000295085
0.000299685
0.000304316
0.000308977
0.000313668
0.000318389
0.000323138
0.000327915
0.000332719
0.000337551
0.00034241
0.000347295
0.000352205
0.000357139
0.000362098
0.000367081
0.000372087
0.000377115
0.000382165
0.000387236
0.000392327
0.000397438
0.000402568
0.000407717
0.000412883
0.000418067
0.000423266
0.000428482
0.000433712
0.000438956
0.000444214
0.000449484
0.000454766
0.00046006
0.000465363
0.000470676
0.000475998
0.000481328
0.000486666
0.000492009
0.000497358
0.000502712
0.00050807
0.000513431
0.000518795
0.000524159
0.000529525
0.00053489
0.000540254
0.000545616
0.000550975
0.000556331
0.000561682
0.000567028
0.000572367
0.000577699
0.000583024
0.000588339
0.000593645
0.00059894
0.000604223
0.000609494
0.000614751
0.000619995
0.000625223
0.000630435
0.000635631
0.000640808
0.000645967
0.000651107
0.000656225
0.000661323
0.000666398
0.000671451
0.000676479
0.000681482
0.00068646
0.00069141
0.000696334
0.000701229
0.000706094
0.00071093
0.000715734
0.000720507
0.000725247
0.000729953
0.000734625
0.000739262
0.000743862
0.000748426
0.000752952
0.000757439
0.000761886
0.000766294
0.00077066
0.000774985
0.000779267
0.000783505
0.000787699
0.000791849
0.000795952
0.000800009
0.000804019
0.00080798
0.000811893
0.000815757
0.00081957
0.000823332
0.000827043
0.000830701
0.000834307
0.000837858
0.000841356
0.000844798
0.000848185
0.000851515
0.000854789
0.000858005
0.000861163
0.000864262
0.000867302
0.000870282
0.000873202
0.000876061
0.000878858
0.000881593
0.000884266
0.000886875
0.000889421
0.000891903
0.000894321
0.000896673
0.00089896
0.000901181
0.000903336
0.000905425
0.000907446
 0.0009094
0.000911286
0.000913104
0.000914854
0.000916534
0.000918146
0.000919688
0.000921161
0.000922563
0.000923895
0.000925157
0.000926348
0.000927468
0.000928517
0.000929495
0.000930401
0.000931236
0.000931998
0.000932689
0.000933308
0.000933854
0.000934328
0.00093473
0.00093506
0.000935316
0.000935501
0.000935613
0.000935652
0.000935619
0.000935513
0.000935335
0.000935085
0.000934762
0.000934367
0.000933899
0.00093336
0.000932748
0.000932065
0.00093131
0.000930483
0.000929585
0.000928616
0.000927576
0.000926465
0.000925283
0.000924031
0.000922709
0.000921317
0.000919856
0.000918326
0.000916726
0.000915058
0.000913322
0.000911518
0.000909646
0.000907707
0.000905701
0.000903629
0.00090149
0.000899286
0.000897017
0.000894683
0.000892285
0.000889823
0.000887298
0.000884709
0.000882059
0.000879346
0.000876572
0.000873738
0.000870843
0.000867888
0.000864874
0.000861802
0.000858671
0.000855484
0.000852239
0.000848938
0.000845582
0.00084217
0.000838704
0.000835185
0.000831613
0.000827988
0.000824312
0.000820584
0.000816807
0.000812979
0.000809103
0.000805179
0.000801207
0.000797188
0.000793124
0.000789014
0.00078486
0.000780662
0.000776421
0.000772138
0.000767813
0.000763448
0.000759043
0.000754599
0.000750116
0.000745596
0.00074104
0.000736447
0.00073182
0.000727158
0.000722463
0.000717735
0.000712975
0.000708185
0.000703365
0.000698515
0.000693637
0.000688731
0.000683799
0.000678841
0.000673858
0.000668851
0.000663821
0.000658768
0.000653693
0.000648599
0.000643484
0.00063835
0.000633198
0.000628029
0.000622844
0.000617643
0.000612428
0.000607198
0.000601956
0.000596702
0.000591437
0.000586161
0.000580876
0.000575583
0.000570282
0.000564974
0.00055966
0.00055434
0.000549017
0.00054369
0.00053836
0.000533029
0.000527697
0.000522365
0.000517033
0.000511703
0.000506376
0.000501051
0.000495731
0.000490415
0.000485106
0.000479802
0.000474506
0.000469218
0.000463939
0.000458669
0.00045341
0.000448162
0.000442926
0.000437703
0.000432493
0.000427297
0.000422117
0.000416952
0.000411803
0.000406672
0.000401558
0.000396463
0.000391387
0.000386331
0.000381296
0.000376282
0.00037129
0.000366321
0.000361375
0.000356453
0.000351556
0.000346684
0.000341837
0.000337018
0.000332225
0.00032746
0.000322723
0.000318015
0.000313336
0.000308688
0.000304069
0.000299482
0.000294927
0.000290403
0.000285912
0.000281455
0.00027703
0.00027264
0.000268285
0.000263964
0.000259679
0.00025543
0.000251218
0.000247042
0.000242903
0.000238802
0.000234738
0.000230714
0.000226727
0.00022278
0.000218872
0.000215004
0.000211177
0.000207389
0.000203642
0.000199936
0.000196272
0.000192649
0.000189068
0.000185528
0.000182031
0.000178577
0.000175165
0.000171796
0.000168471
0.000165188
0.000161949
0.000158754
0.000155602
0.000152494
0.000149431
0.000146411
0.000143435
0.000140504
0.000137618
0.000134775
0.000131978
0.000129224
0.000126516
0.000123852
0.000121232
0.000118657
0.000116127
0.000113641
 0.0001112
0.000108804
0.000106451
0.000104144
0.00010188
9.96609e-05
9.74858e-05
9.53546e-05
9.32673e-05
9.12238e-05
8.92239e-05
8.72674e-05
8.53542e-05
8.34842e-05
8.16571e-05
7.98728e-05
7.8131e-05
7.64316e-05
7.47743e-05
7.31589e-05
7.15851e-05
7.00527e-05
6.85615e-05
6.71111e-05
6.57013e-05
6.43318e-05
6.30024e-05
6.17126e-05
6.04623e-05
5.9251e-05
5.80784e-05
5.69443e-05
5.58482e-05
5.47898e-05
5.37687e-05
5.27846e-05
5.18371e-05
5.09257e-05
5.00502e-05
4.92101e-05
4.8405e-05
4.76345e-05
4.68981e-05
4.61955e-05
4.55261e-05
4.48896e-05
4.42855e-05
4.37134e-05
4.31728e-05
4.26632e-05
4.21841e-05
4.17352e-05
4.13158e-05
4.09256e-05
4.0564e-05
4.02305e-05
3.99246e-05
3.96459e-05
3.93938e-05
3.91678e-05
3.89674e-05
3.8792e-05
3.86412e-05
3.85145e-05
3.84112e-05
3.83309e-05
3.8273e-05
3.82369e-05
3.82223e-05
3.82284e-05
3.82548e-05
3.8301e-05
3.83663e-05
3.84502e-05
3.85522e-05
3.86718e-05
3.88083e-05
3.89613e-05
3.91302e-05
3.93143e-05
3.95133e-05
3.97265e-05
3.99534e-05
4.01935e-05
4.04461e-05
4.07108e-05
4.0987e-05
4.12742e-05
4.15718e-05
4.18793e-05
4.21962e-05
4.25219e-05
4.28558e-05
4.31976e-05
4.35466e-05
4.39023e-05
4.42643e-05
4.46319e-05
4.50048e-05
4.53823e-05
4.5764e-05
4.61495e-05
4.65381e-05
4.69295e-05
4.73231e-05
4.77185e-05
4.81153e-05
4.85128e-05
4.89108e-05
4.93088e-05
4.97062e-05
5.01027e-05
5.04979e-05
5.08913e-05
5.12825e-05
5.16711e-05
5.20567e-05
5.2439e-05
5.28175e-05
5.31919e-05
5.35618e-05
5.39268e-05
5.42866e-05
5.4641e-05
5.49894e-05
5.53317e-05
5.56675e-05
5.59965e-05
5.63184e-05
5.6633e-05
5.69399e-05
5.7239e-05
5.75299e-05
5.78124e-05
5.80864e-05
5.83515e-05
5.86077e-05
5.88546e-05
5.90921e-05
5.93201e-05
5.95383e-05
5.97467e-05
5.99451e-05
6.01333e-05
6.03113e-05
6.0479e-05
6.06362e-05
6.0783e-05
6.09191e-05
6.10447e-05
6.11596e-05
6.12638e-05
6.13573e-05
6.14402e-05
6.15123e-05
6.15738e-05
6.16247e-05
6.16651e-05
6.16949e-05
6.17143e-05
6.17234e-05
6.17223e-05
6.17111e-05
6.16899e-05
6.16589e-05
6.16182e-05
6.15679e-05
6.15084e-05
6.14397e-05
6.13622e-05
6.12759e-05
6.11811e-05
6.10782e-05
6.09672e-05
6.08486e-05
6.07226e-05
6.05895e-05
6.04496e-05
6.03033e-05
6.01508e-05
5.99926e-05
5.98289e-05
5.96602e-05
5.94868e-05
5.93091e-05
5.91276e-05
5.89427e-05
5.87548e-05
5.85643e-05
5.83717e-05
5.81775e-05
5.79821e-05
5.7786e-05
5.75898e-05
5.73939e-05
5.71989e-05
5.70052e-05
5.68135e-05
5.66242e-05
5.6438e-05
5.62554e-05
5.6077e-05
5.59033e-05
5.5735e-05
5.55727e-05
5.54169e-05
5.52683e-05
5.51276e-05
5.49953e-05
5.48721e-05
5.47587e-05
5.46557e-05
5.45638e-05
5.44836e-05
5.44158e-05
5.43611e-05
5.43202e-05
5.42937e-05
5.42824e-05
5.4287e-05
5.43082e-05
5.43466e-05
5.44031e-05
5.44782e-05
5.45728e-05
5.46875e-05
5.4823e-05
5.49802e-05
5.51596e-05
5.53622e-05
5.55884e-05
5.58392e-05
5.61152e-05
5.64172e-05
5.67458e-05
5.71019e-05
5.74861e-05
5.78991e-05
5.83418e-05
5.88147e-05
5.93187e-05
5.98544e-05
6.04225e-05
6.10238e-05
6.1659e-05
6.23287e-05
6.30337e-05
6.37746e-05
6.45521e-05
6.5367e-05
6.62198e-05
6.71113e-05
6.8042e-05
6.90127e-05
7.0024e-05
7.10765e-05
7.21708e-05
7.33077e-05
7.44876e-05
7.57111e-05
7.6979e-05
7.82916e-05
7.96497e-05
8.10538e-05
8.25043e-05
8.40019e-05
8.55471e-05
8.71404e-05
8.87822e-05
9.04731e-05
9.22135e-05
9.40039e-05
9.58448e-05
9.77365e-05
9.96795e-05
0.000101674
0.000103721
0.00010582
0.000107972
0.000110177
0.000112436
0.000114748
0.000117114
0.000119535
0.00012201
0.00012454
0.000127125
0.000129766
0.000132461
0.000135213
0.00013802
0.000140882
0.000143801
0.000146776
0.000149807
0.000152894
0.000156038
0.000159237
0.000162493
0.000165805
0.000169174
0.000172598
0.000176078
0.000179614
0.000183206
0.000186853
0.000190556
0.000194314
0.000198127
0.000201995
0.000205917
0.000209894
0.000213924
0.000218008
0.000222145
0.000226336
0.000230578
0.000234873
0.00023922
0.000243618
0.000248066
0.000252565
0.000257114
0.000261712
0.000266358
0.000271053
0.000275796
0.000280585
0.00028542
0.000290301
0.000295228
0.000300198
0.000305212
0.000310269
0.000315367
0.000320508
0.000325688
0.000330908
0.000336168
0.000341465
0.000346799
0.00035217
0.000357576
0.000363017
0.000368491
0.000373997
0.000379535
0.000385104
0.000390703
0.00039633
0.000401985
0.000407666
0.000413372
0.000419104
0.000424858
0.000430635
0.000436432
0.00044225
0.000448086
0.000453941
0.000459811
0.000465697
0.000471597
0.00047751
0.000483435
0.00048937
0.000495315
0.000501267
0.000507227
0.000513192
0.000519161
0.000525133
0.000531107
0.000537081
0.000543055
0.000549026
0.000554994
0.000560957
0.000566914
0.000572863
0.000578804
0.000584735
0.000590655
0.000596562
0.000602455
0.000608332
0.000614193
0.000620036
0.000625859
0.000631662
0.000637443
0.000643201
0.000648934
0.000654641
0.000660321
0.000665972
0.000671593
0.000677184
0.000682741
0.000688265
0.000693754
0.000699206
0.000704621
0.000709997
0.000715333
0.000720627
0.000725878
0.000731086
0.000736249
0.000741365
0.000746433
0.000751453
0.000756423
0.000761342
0.000766208
0.000771021
0.00077578
0.000780483
0.000785128
0.000789716
0.000794245
0.000798714
0.000803122
