         0
         0
1.96923e-16
6.94474e-16
2.04071e-15
8.86654e-15
3.31747e-14
9.06813e-14
1.90629e-13
3.30425e-13
5.04349e-13
7.20501e-13
1.01079e-12
1.42562e-12
2.01754e-12
2.82215e-12
3.84301e-12
5.04933e-12
6.3957e-12
7.86182e-12
9.49015e-12
1.13934e-11
1.37209e-11
1.6601e-11
2.00864e-11
2.41308e-11
2.86116e-11
3.33975e-11
3.84391e-11
4.38337e-11
4.98211e-11
5.67016e-11
6.47127e-11
7.39251e-11
8.42101e-11
9.53015e-11
1.06936e-10
1.19012e-10
1.31698e-10
1.45403e-10
1.60633e-10
1.77773e-10
1.9692e-10
2.17836e-10
2.40062e-10
2.6315e-10
2.86922e-10
3.11621e-10
3.37869e-10
3.66428e-10
3.97881e-10
4.32365e-10
4.69512e-10
5.08618e-10
5.49002e-10
5.90372e-10
6.3305e-10
6.77903e-10
7.26011e-10
7.78199e-10
8.3467e-10
8.94909e-10
9.57926e-10
1.02275e-09
1.08893e-09
1.15686e-09
1.2277e-09
1.30289e-09
1.38355e-09
1.46999e-09
1.56153e-09
1.65686e-09
1.75465e-09
1.85427e-09
1.95616e-09
2.06177e-09
2.17299e-09
2.29131e-09
2.41714e-09
2.54966e-09
2.6872e-09
2.82802e-09
2.97123e-09
3.11732e-09
3.26808e-09
3.42587e-09
3.59258e-09
3.76884e-09
3.95366e-09
4.14497e-09
4.34057e-09
4.53925e-09
4.74155e-09
4.94957e-09
5.16621e-09
5.39387e-09
5.63339e-09
5.88366e-09
6.14218e-09
6.40621e-09
6.67421e-09
6.94667e-09
7.22606e-09
7.51587e-09
7.81906e-09
8.13675e-09
8.46773e-09
8.80903e-09
9.15736e-09
9.51074e-09
9.8696e-09
1.02368e-08
1.06164e-08
1.1012e-08
1.14252e-08
1.18546e-08
1.22967e-08
1.27477e-08
1.32052e-08
1.36693e-08
1.41433e-08
1.46321e-08
1.51398e-08
1.56685e-08
1.62168e-08
1.67808e-08
1.73558e-08
1.79389e-08
1.85302e-08
1.91333e-08
1.97536e-08
2.03964e-08
2.10639e-08
2.17549e-08
2.2465e-08
2.31888e-08
2.39228e-08
2.46667e-08
2.54247e-08
2.62028e-08
2.70071e-08
2.78405e-08
2.87019e-08
2.95864e-08
3.04878e-08
3.14018e-08
3.23281e-08
3.32709e-08
3.42372e-08
3.5234e-08
3.62649e-08
3.73288e-08
3.84205e-08
3.95329e-08
4.0661e-08
4.18041e-08
4.29668e-08
4.41567e-08
4.5382e-08
4.6647e-08
4.79509e-08
4.9288e-08
5.06504e-08
5.20321e-08
5.34322e-08
5.48554e-08
5.63103e-08
5.7806e-08
5.93478e-08
6.09352e-08
6.2562e-08
6.42196e-08
6.5901e-08
6.76048e-08
6.93358e-08
7.11037e-08
7.29186e-08
7.47869e-08
7.67084e-08
7.86765e-08
8.06818e-08
8.27164e-08
8.47781e-08
8.68722e-08
8.90089e-08
9.11997e-08
9.34521e-08
9.57664e-08
9.81358e-08
1.0055e-07
  1.03e-07
1.05482e-07
1.08003e-07
1.10574e-07
1.13206e-07
1.1591e-07
1.18685e-07
1.21525e-07
1.24418e-07
1.27355e-07
1.30332e-07
1.33354e-07
1.36433e-07
1.39584e-07
1.42816e-07
1.46131e-07
1.49522e-07
1.52977e-07
1.56484e-07
1.6004e-07
1.63648e-07
1.67323e-07
1.7108e-07
1.74931e-07
1.78877e-07
1.82912e-07
1.87022e-07
1.91196e-07
1.95427e-07
1.99722e-07
2.04093e-07
2.08558e-07
2.1313e-07
2.17813e-07
2.22599e-07
2.27474e-07
2.32424e-07
2.37444e-07
2.42538e-07
2.47721e-07
2.53012e-07
2.58425e-07
2.63964e-07
2.69624e-07
2.75389e-07
2.81243e-07
2.87181e-07
2.93205e-07
2.99333e-07
3.05584e-07
3.11974e-07
3.1851e-07
3.25184e-07
3.31982e-07
3.38886e-07
3.45889e-07
3.52994e-07
3.60219e-07
3.67584e-07
3.75108e-07
3.82798e-07
3.90649e-07
3.98644e-07
4.06764e-07
4.15001e-07
4.23359e-07
4.31854e-07
4.40509e-07
4.49346e-07
4.58372e-07
4.67583e-07
4.76962e-07
4.86489e-07
4.96153e-07
5.05958e-07
5.15921e-07
5.26067e-07
5.36419e-07
5.46989e-07
5.57769e-07
5.68744e-07
5.79893e-07
5.91203e-07
6.02677e-07
6.14334e-07
6.26199e-07
6.38298e-07
6.50644e-07
6.63232e-07
6.76045e-07
6.8906e-07
7.02264e-07
7.15659e-07
7.29263e-07
7.43106e-07
7.57213e-07
7.71601e-07
7.86265e-07
8.01189e-07
8.16347e-07
8.31726e-07
8.47326e-07
8.63166e-07
8.79277e-07
8.95689e-07
9.12417e-07
9.29462e-07
9.46803e-07
9.64417e-07
9.82287e-07
1.00041e-06
1.01881e-06
1.03752e-06
1.05657e-06
1.07598e-06
1.09574e-06
1.11585e-06
1.13627e-06
1.15698e-06
 1.178e-06
1.19932e-06
 1.221e-06
1.24305e-06
1.26552e-06
1.28839e-06
1.31165e-06
1.33527e-06
1.35923e-06
1.38353e-06
1.40819e-06
1.43325e-06
1.45874e-06
1.48468e-06
1.51109e-06
1.53793e-06
1.5652e-06
1.59285e-06
1.62089e-06
1.64934e-06
1.67824e-06
1.70763e-06
1.73753e-06
1.76795e-06
1.79887e-06
1.83026e-06
1.86211e-06
1.8944e-06
1.92715e-06
1.96041e-06
1.99421e-06
2.0286e-06
2.06357e-06
2.09911e-06
2.13518e-06
2.17177e-06
2.20887e-06
2.24649e-06
2.28469e-06
2.32349e-06
2.36295e-06
2.40306e-06
2.44382e-06
2.48518e-06
2.52714e-06
2.56967e-06
2.61279e-06
2.65655e-06
2.70101e-06
2.74618e-06
2.7921e-06
2.83874e-06
2.88608e-06
2.93408e-06
2.98273e-06
3.03205e-06
3.0821e-06
3.13291e-06
3.18453e-06
3.23699e-06
3.29025e-06
3.3443e-06
3.3991e-06
3.45464e-06
3.51094e-06
3.56804e-06
3.62601e-06
3.68488e-06
3.74467e-06
3.80538e-06
3.86697e-06
3.9294e-06
3.99268e-06
4.0568e-06
4.12183e-06
4.18781e-06
4.2548e-06
4.32283e-06
4.39188e-06
4.46192e-06
4.53291e-06
4.60484e-06
4.67773e-06
4.75163e-06
4.82659e-06
4.90268e-06
4.97992e-06
5.0583e-06
5.13779e-06
5.21835e-06
5.29996e-06
5.38265e-06
5.46646e-06
5.55146e-06
5.63771e-06
5.72523e-06
5.81403e-06
5.90406e-06
5.9953e-06
6.08772e-06
6.18134e-06
6.27621e-06
6.3724e-06
6.46997e-06
6.56896e-06
6.66936e-06
6.77115e-06
6.87428e-06
6.97873e-06
7.08452e-06
7.1917e-06
7.30034e-06
7.41052e-06
7.52226e-06
7.63557e-06
7.75042e-06
7.86677e-06
7.9846e-06
8.10392e-06
8.22478e-06
8.34726e-06
8.47143e-06
8.59734e-06
8.72498e-06
8.85434e-06
8.98536e-06
9.11803e-06
9.25235e-06
9.38839e-06
9.52621e-06
9.6659e-06
9.8075e-06
9.95103e-06
1.00965e-05
1.02437e-05
1.03928e-05
1.05438e-05
1.06966e-05
1.08514e-05
1.10083e-05
1.11673e-05
1.13284e-05
1.14916e-05
1.16568e-05
1.18241e-05
1.19934e-05
1.21648e-05
1.23384e-05
1.25142e-05
1.26924e-05
1.28729e-05
1.30557e-05
1.32408e-05
1.34281e-05
1.36177e-05
1.38096e-05
1.40039e-05
1.42007e-05
  1.44e-05
1.46019e-05
1.48064e-05
1.50133e-05
1.52228e-05
1.54347e-05
1.56492e-05
1.58663e-05
1.60861e-05
1.63087e-05
1.65342e-05
1.67624e-05
1.69935e-05
1.72272e-05
1.74637e-05
1.7703e-05
1.79452e-05
1.81903e-05
1.84386e-05
1.86899e-05
1.89443e-05
1.92018e-05
1.94623e-05
1.97258e-05
1.99923e-05
2.0262e-05
2.0535e-05
2.08114e-05
2.10911e-05
2.13743e-05
2.16607e-05
2.19505e-05
2.22436e-05
 2.254e-05
2.28399e-05
2.31434e-05
2.34506e-05
2.37615e-05
2.4076e-05
2.43943e-05
2.47162e-05
2.50417e-05
2.53708e-05
2.57038e-05
2.60406e-05
2.63815e-05
2.67264e-05
2.70754e-05
2.74284e-05
2.77854e-05
2.81463e-05
2.85113e-05
2.88804e-05
2.92537e-05
2.96314e-05
3.00136e-05
3.04001e-05
3.07911e-05
3.11864e-05
3.1586e-05
 3.199e-05
3.23986e-05
3.28117e-05
3.32296e-05
3.36524e-05
3.40799e-05
3.45123e-05
3.49494e-05
3.53912e-05
3.58378e-05
3.62894e-05
3.67459e-05
3.72077e-05
3.76746e-05
3.81469e-05
3.86243e-05
3.91069e-05
3.95947e-05
4.00877e-05
4.0586e-05
4.10898e-05
4.15993e-05
4.21144e-05
4.26352e-05
4.31617e-05
4.36938e-05
4.42316e-05
4.4775e-05
4.53242e-05
4.58794e-05
4.64407e-05
4.70081e-05
4.75817e-05
4.81615e-05
4.87475e-05
4.93395e-05
4.99377e-05
5.05422e-05
5.11531e-05
5.17707e-05
5.23949e-05
5.30258e-05
5.36635e-05
5.43077e-05
5.49587e-05
5.56163e-05
5.62807e-05
5.69521e-05
5.76307e-05
5.83165e-05
5.90095e-05
5.97098e-05
6.04174e-05
6.11321e-05
6.18541e-05
6.25835e-05
6.33204e-05
6.4065e-05
6.48174e-05
6.55778e-05
6.63459e-05
6.71219e-05
6.79057e-05
6.86974e-05
6.9497e-05
7.03048e-05
7.11209e-05
7.19454e-05
7.27785e-05
 7.362e-05
 7.447e-05
7.53285e-05
7.61954e-05
7.7071e-05
7.79553e-05
7.88486e-05
7.97511e-05
8.06627e-05
8.15835e-05
8.25135e-05
8.34525e-05
8.44008e-05
8.53583e-05
8.63253e-05
8.7302e-05
8.82885e-05
8.92849e-05
9.02912e-05
9.13074e-05
9.23334e-05
9.33693e-05
9.44153e-05
9.54714e-05
9.65379e-05
9.76151e-05
9.87029e-05
9.98013e-05
0.00010091
0.00010203
0.000103161
0.000104302
0.000105454
0.000106617
0.000107792
0.000108978
0.000110176
0.000111385
0.000112605
0.000113837
0.000115081
0.000116337
0.000117604
0.000118884
0.000120176
0.00012148
0.000122797
0.000124126
0.000125467
0.000126821
0.000128188
0.000129567
0.000130959
0.000132365
0.000133784
0.000135217
0.000136662
0.000138121
0.000139593
0.000141079
0.000142578
0.000144092
0.00014562
0.000147162
0.000148718
0.000150289
0.000151873
0.000153472
0.000155086
0.000156715
0.000158358
0.000160017
0.000161691
0.00016338
0.000165085
0.000166805
0.00016854
0.000170291
0.000172057
0.00017384
0.000175639
0.000177455
0.000179287
0.000181135
0.000182999
0.00018488
0.000186778
0.000188692
0.000190624
0.000192574
0.00019454
0.000196525
0.000198526
0.000200546
0.000202583
0.000204637
0.00020671
0.000208802
0.000210912
0.00021304
0.000215188
0.000217354
0.000219538
0.000221742
0.000223965
0.000226207
0.000228468
0.00023075
0.000233052
0.000235373
0.000237715
0.000240076
0.000242458
0.00024486
0.000247283
0.000249726
0.000252191
0.000254678
0.000257185
0.000259714
0.000262264
0.000264836
0.000267429
0.000270045
0.000272683
0.000275343
0.000278026
0.000280732
0.000283461
0.000286212
0.000288986
0.000291784
0.000294605
0.00029745
0.000300319
0.000303212
0.000306129
0.000309071
0.000312036
0.000315027
0.000318042
0.000321082
0.000324147
0.000327238
0.000330354
0.000333497
0.000336665
0.000339859
0.000343079
0.000346325
0.000349598
0.000352898
0.000356225
0.00035958
0.000362962
0.000366371
0.000369808
0.000373273
0.000376765
0.000380286
0.000383836
0.000387414
0.000391021
0.000394658
0.000398324
0.000402019
0.000405743
0.000409498
0.000413282
0.000417096
0.000420942
0.000424818
0.000428725
0.000432663
0.000436633
0.000440633
0.000444665
0.000448729
0.000452826
0.000456954
0.000461116
0.00046531
0.000469538
0.000473798
0.000478092
0.000482419
0.00048678
0.000491175
0.000495604
0.000500068
0.000504568
0.000509102
0.000513671
0.000518275
0.000522915
0.000527591
0.000532302
0.000537051
0.000541836
0.000546659
0.000551518
0.000556414
0.000561348
0.000566319
0.000571328
0.000576376
0.000581462
0.000586588
0.000591752
0.000596956
0.000602199
0.000607482
0.000612804
0.000618166
0.000623569
0.000629014
0.000634499
0.000640026
0.000645594
0.000651204
0.000656856
0.00066255
0.000668286
0.000674065
0.000679888
0.000685754
0.000691665
0.000697619
0.000703617
0.000709659
0.000715746
0.000721877
0.000728054
0.000734277
0.000740547
0.000746862
0.000753224
0.000759632
0.000766087
0.000772589
0.000779139
0.000785736
0.000792382
0.000799077
0.00080582
0.000812613
0.000819455
0.000826346
0.000833287
0.000840277
0.000847319
0.000854411
0.000861555
0.000868751
0.000875999
0.000883298
0.000890649
0.000898053
0.00090551
0.00091302
0.000920584
0.000928202
0.000935875
0.000943602
0.000951384
0.000959221
0.000967113
0.000975061
0.000983066
0.000991127
0.000999245
0.00100742
0.00101565
0.00102395
0.00103229
 0.0010407
0.00104917
0.00105769
0.00106628
0.00107492
0.00108363
 0.0010924
0.00110122
0.00111011
0.00111906
0.00112807
0.00113715
0.00114629
0.00115549
0.00116475
0.00117408
0.00118347
0.00119293
0.00120245
0.00121204
0.00122169
0.00123141
0.00124119
0.00125104
0.00126096
0.00127095
  0.001281
0.00129113
0.00130132
0.00131158
0.00132191
0.00133231
0.00134278
0.00135332
0.00136393
0.00137462
0.00138537
 0.0013962
 0.0014071
0.00141807
0.00142912
0.00144024
0.00145144
0.00146271
0.00147405
0.00148547
0.00149697
0.00150854
0.00152019
0.00153191
0.00154372
 0.0015556
0.00156756
 0.0015796
0.00159172
0.00160392
 0.0016162
0.00162856
  0.001641
0.00165352
0.00166612
0.00167881
0.00169158
0.00170443
0.00171737
0.00173038
0.00174349
0.00175668
0.00176995
0.00178332
0.00179676
 0.0018103
0.00182392
0.00183763
0.00185143
0.00186531
0.00187929
0.00189336
0.00190751
0.00192176
 0.0019361
0.00195053
0.00196505
0.00197966
0.00199437
0.00200917
0.00202407
0.00203905
0.00205414
0.00206932
 0.0020846
0.00209997
0.00211544
  0.002131
0.00214667
0.00216243
0.00217829
0.00219426
0.00221032
0.00222648
0.00224275
0.00225911
0.00227558
0.00229215
0.00230882
 0.0023256
0.00234248
0.00235947
0.00237656
0.00239376
0.00241106
0.00242847
0.00244599
0.00246362
0.00248135
 0.0024992
0.00251715
0.00253522
0.00255339
0.00257168
0.00259007
0.00260858
0.00262721
0.00264595
 0.0026648
0.00268377
0.00270285
0.00272204
0.00274136
0.00276079
