         0
         0
         0
1.21184e-16
1.82493e-15
9.64357e-15
2.90773e-14
5.97215e-14
9.11002e-14
1.09097e-13
1.09894e-13
1.09052e-13
1.37256e-13
2.25398e-13
3.87312e-13
6.07229e-13
8.38482e-13
1.02006e-12
1.10968e-12
1.1168e-12
1.11161e-12
1.19862e-12
1.46622e-12
1.93781e-12
2.54864e-12
3.16254e-12
3.62861e-12
3.85873e-12
3.88759e-12
3.8764e-12
4.04809e-12
4.58142e-12
5.51571e-12
6.71426e-12
7.90934e-12
8.81809e-12
9.28339e-12
9.37162e-12
9.36828e-12
9.66021e-12
1.05539e-11
1.21172e-11
1.41235e-11
1.61334e-11
1.76877e-11
1.8532e-11
1.87651e-11
1.88267e-11
1.93134e-11
2.0701e-11
2.31047e-11
2.61956e-11
2.93247e-11
3.18107e-11
3.32688e-11
3.38251e-11
3.40996e-11
3.49445e-11
3.70503e-11
4.06044e-11
4.51695e-11
4.98522e-11
5.37017e-11
5.61652e-11
5.73858e-11
5.81854e-11
5.9717e-11
6.29351e-11
6.81304e-11
7.47567e-11
8.1645e-11
8.75277e-11
9.16422e-11
9.41319e-11
9.60384e-11
9.88598e-11
1.03866e-10
1.1149e-10
1.21081e-10
1.31169e-10
1.4012e-10
1.46919e-10
1.51685e-10
1.55694e-10
1.60831e-10
1.68737e-10
1.80029e-10
1.93966e-10
2.08753e-10
2.22347e-10
2.33426e-10
2.42063e-10
2.49771e-10
2.58866e-10
2.71417e-10
2.88273e-10
3.08625e-10
3.30333e-10
3.50899e-10
3.68647e-10
3.83566e-10
3.97414e-10
4.12973e-10
 4.328e-10
4.58031e-10
4.87813e-10
5.19656e-10
5.5056e-10
5.78439e-10
6.03165e-10
6.26734e-10
6.52432e-10
6.83364e-10
7.21013e-10
7.6452e-10
8.11032e-10
8.57012e-10
8.99909e-10
9.39433e-10
9.77811e-10
1.01886e-09
1.06631e-09
1.12204e-09
1.18523e-09
1.25268e-09
1.32026e-09
1.3849e-09
1.44611e-09
1.50633e-09
1.56994e-09
1.64134e-09
1.7229e-09
1.81388e-09
1.91072e-09
2.0087e-09
2.10416e-09
2.19635e-09
2.2879e-09
2.3838e-09
2.48916e-09
2.60693e-09
2.7365e-09
2.87397e-09
3.01398e-09
3.15225e-09
3.28771e-09
3.42316e-09
3.56419e-09
3.71673e-09
3.88435e-09
4.06664e-09
4.2594e-09
4.45662e-09
4.6533e-09
 4.848e-09
5.04368e-09
5.24656e-09
5.46341e-09
5.69852e-09
5.95176e-09
6.21865e-09
6.4925e-09
6.76758e-09
 7.042e-09
7.31882e-09
7.60491e-09
7.90794e-09
8.23303e-09
8.5804e-09
8.94532e-09
9.32041e-09
9.69914e-09
1.00791e-08
1.04635e-08
1.08598e-08
1.12766e-08
1.17199e-08
1.21905e-08
1.26834e-08
1.31904e-08
1.37044e-08
1.42222e-08
1.47471e-08
1.52871e-08
1.58521e-08
1.64489e-08
1.70787e-08
1.77366e-08
1.84137e-08
1.91018e-08
1.97973e-08
2.05033e-08
2.12286e-08
2.1984e-08
2.27775e-08
2.36109e-08
2.44792e-08
2.5373e-08
2.62829e-08
2.72048e-08
2.81415e-08
2.91027e-08
3.01001e-08
3.1143e-08
3.2234e-08
3.3368e-08
3.45348e-08
3.57244e-08
3.69316e-08
3.81592e-08
3.94175e-08
4.07193e-08
4.20753e-08
4.34889e-08
4.4955e-08
4.64629e-08
4.80016e-08
4.95649e-08
5.11557e-08
5.27844e-08
5.44656e-08
5.62109e-08
5.80249e-08
5.99027e-08
6.18329e-08
6.38035e-08
6.58075e-08
6.78473e-08
6.99342e-08
7.20836e-08
7.4309e-08
7.66159e-08
7.89997e-08
8.14485e-08
8.39491e-08
8.64938e-08
8.90845e-08
9.1733e-08
9.44561e-08
9.72687e-08
1.00178e-07
1.03179e-07
1.06259e-07
1.09406e-07
1.12609e-07
1.1587e-07
1.19202e-07
1.22622e-07
1.26148e-07
1.29787e-07
1.33535e-07
1.37381e-07
1.41308e-07
1.45307e-07
1.49379e-07
1.53536e-07
1.57798e-07
1.62184e-07
1.66702e-07
1.7135e-07
1.76115e-07
1.80981e-07
1.85936e-07
1.90981e-07
1.96128e-07
 2.014e-07
2.06816e-07
2.12386e-07
2.1811e-07
2.23974e-07
2.2996e-07
2.36056e-07
2.42263e-07
2.48592e-07
2.55067e-07
2.61709e-07
2.68533e-07
2.75535e-07
2.82704e-07
2.90021e-07
2.97472e-07
3.05055e-07
3.12786e-07
3.20687e-07
3.28783e-07
3.37089e-07
3.45603e-07
3.54315e-07
3.63202e-07
3.72252e-07
3.81462e-07
3.90845e-07
4.00428e-07
4.10236e-07
4.20286e-07
4.3058e-07
4.41104e-07
4.51838e-07
4.62766e-07
4.73884e-07
4.85208e-07
4.96763e-07
5.08579e-07
5.20673e-07
5.33049e-07
5.45695e-07
5.58587e-07
5.7171e-07
5.8506e-07
5.9865e-07
6.12508e-07
6.26666e-07
6.41144e-07
6.55948e-07
6.71063e-07
6.86469e-07
7.02147e-07
7.18092e-07
7.34318e-07
7.50853e-07
7.67732e-07
7.84978e-07
8.02598e-07
8.20579e-07
8.38899e-07
8.57537e-07
8.76488e-07
8.95766e-07
9.15401e-07
9.35428e-07
9.55875e-07
9.7675e-07
9.9804e-07
1.01972e-06
1.04178e-06
1.0642e-06
 1.087e-06
1.11021e-06
1.13386e-06
 1.158e-06
1.18262e-06
1.20772e-06
1.23327e-06
1.25925e-06
1.28566e-06
1.31251e-06
1.33982e-06
1.36764e-06
 1.396e-06
1.42492e-06
1.45439e-06
1.48438e-06
1.51487e-06
1.54584e-06
1.57731e-06
1.60933e-06
1.64191e-06
1.67512e-06
1.70895e-06
1.74341e-06
1.77846e-06
1.81409e-06
1.85027e-06
1.88703e-06
1.9244e-06
1.96243e-06
2.00115e-06
2.04058e-06
2.08072e-06
2.12154e-06
2.16301e-06
2.20513e-06
2.2479e-06
2.29137e-06
2.33557e-06
2.38056e-06
2.42635e-06
2.47293e-06
2.5203e-06
2.56841e-06
2.61726e-06
2.66685e-06
2.71722e-06
2.76842e-06
2.82051e-06
2.8735e-06
2.92739e-06
2.98216e-06
3.03778e-06
3.09423e-06
3.15153e-06
3.20971e-06
3.26883e-06
3.32893e-06
3.39005e-06
3.45218e-06
3.51531e-06
3.5794e-06
3.64443e-06
3.71042e-06
3.7774e-06
3.84543e-06
3.91457e-06
3.98484e-06
4.05625e-06
4.12878e-06
4.2024e-06
4.27708e-06
4.35284e-06
4.42971e-06
4.50777e-06
4.58705e-06
4.66761e-06
4.74944e-06
4.83252e-06
4.91683e-06
5.00233e-06
5.08905e-06
5.17702e-06
5.2663e-06
5.35696e-06
5.44904e-06
5.54253e-06
5.63743e-06
5.73371e-06
5.83133e-06
5.93031e-06
6.03069e-06
6.13253e-06
6.2359e-06
6.34085e-06
6.44738e-06
6.55548e-06
6.66512e-06
6.77627e-06
6.88893e-06
7.00316e-06
7.11901e-06
7.23657e-06
7.35587e-06
7.47693e-06
7.59974e-06
7.72427e-06
7.85048e-06
7.97839e-06
8.10804e-06
8.23949e-06
8.37282e-06
8.5081e-06
8.64532e-06
8.78449e-06
8.92557e-06
9.06853e-06
9.21338e-06
9.36016e-06
9.50894e-06
9.6598e-06
9.8128e-06
9.96797e-06
1.01253e-05
1.02847e-05
1.04463e-05
1.06099e-05
1.07757e-05
1.09437e-05
1.11139e-05
1.12866e-05
1.14616e-05
1.16391e-05
1.18188e-05
1.20009e-05
1.21853e-05
1.23721e-05
1.25614e-05
1.27531e-05
1.29475e-05
1.31445e-05
1.33442e-05
1.35464e-05
1.37512e-05
1.39586e-05
1.41686e-05
1.43813e-05
1.45968e-05
1.48151e-05
1.50364e-05
1.52605e-05
1.54876e-05
1.57174e-05
1.59501e-05
1.61857e-05
1.64243e-05
1.66659e-05
1.69106e-05
1.71586e-05
1.74097e-05
1.76641e-05
1.79215e-05
1.81821e-05
1.84458e-05
1.87128e-05
1.89832e-05
1.9257e-05
1.95343e-05
1.98151e-05
2.00994e-05
2.03872e-05
2.06783e-05
2.0973e-05
2.12713e-05
2.15732e-05
2.18789e-05
2.21884e-05
2.25018e-05
2.2819e-05
 2.314e-05
2.34648e-05
2.37933e-05
2.41259e-05
2.44624e-05
2.4803e-05
2.51479e-05
2.5497e-05
2.58502e-05
2.62076e-05
2.65691e-05
2.69349e-05
2.73049e-05
2.76793e-05
2.80582e-05
2.84417e-05
2.88298e-05
2.92224e-05
2.96196e-05
3.00214e-05
3.04277e-05
3.08387e-05
3.12545e-05
3.16752e-05
3.21009e-05
3.25316e-05
3.29674e-05
3.3408e-05
3.38537e-05
3.43043e-05
3.47601e-05
3.5221e-05
3.56873e-05
3.61591e-05
3.66363e-05
3.7119e-05
3.7607e-05
3.81005e-05
3.85995e-05
3.9104e-05
3.96141e-05
4.01301e-05
4.0652e-05
4.11799e-05
4.17137e-05
4.22534e-05
4.27989e-05
4.33504e-05
4.3908e-05
4.44717e-05
4.50418e-05
4.56182e-05
4.62011e-05
4.67905e-05
4.73863e-05
4.79885e-05
4.85972e-05
4.92124e-05
4.98343e-05
5.04631e-05
5.10988e-05
5.17415e-05
5.23912e-05
5.30479e-05
5.37116e-05
5.43823e-05
5.50601e-05
5.57452e-05
5.64376e-05
5.71376e-05
5.78452e-05
5.85604e-05
5.92832e-05
6.00135e-05
6.07515e-05
6.14971e-05
6.22506e-05
6.30121e-05
6.37818e-05
6.45597e-05
6.53458e-05
6.61401e-05
6.69426e-05
6.77533e-05
6.85724e-05
  6.94e-05
7.02362e-05
7.10812e-05
7.19352e-05
7.2798e-05
7.36697e-05
7.45502e-05
7.54397e-05
7.63382e-05
7.72458e-05
7.81629e-05
7.90894e-05
8.00255e-05
8.09712e-05
8.19265e-05
8.28914e-05
8.38659e-05
8.48501e-05
8.58443e-05
8.68485e-05
8.7863e-05
8.88878e-05
8.9923e-05
9.09685e-05
9.20244e-05
9.30906e-05
9.41674e-05
9.52548e-05
9.63531e-05
9.74624e-05
9.85829e-05
9.97145e-05
0.000100857
0.000102011
0.000103176
0.000104353
0.000105541
0.00010674
0.000107952
0.000109175
0.000110411
0.000111658
0.000112918
0.000114189
0.000115473
0.000116769
0.000118078
0.000119399
0.000120734
0.000122081
0.000123441
0.000124814
 0.0001262
0.000127599
0.000129012
0.000130437
0.000131877
0.00013333
0.000134798
0.000136279
0.000137774
0.000139283
0.000140806
0.000142343
0.000143895
0.000145462
0.000147043
0.000148639
0.00015025
0.000151876
0.000153517
0.000155173
0.000156844
0.000158531
0.000160234
0.000161952
0.000163687
0.000165437
0.000167203
0.000168986
0.000170784
0.000172599
0.000174431
0.000176279
0.000178145
0.000180027
0.000181927
0.000183844
0.000185778
0.000187729
0.000189698
0.000191684
0.000193689
0.000195712
0.000197753
0.000199812
0.00020189
0.000203986
0.000206101
0.000208234
0.000210386
0.000212558
0.000214749
0.00021696
0.00021919
0.00022144
0.000223709
0.000225998
0.000228308
0.000230637
0.000232987
0.000235358
0.00023775
0.000240163
0.000242596
0.000245051
0.000247527
0.000250024
0.000252543
0.000255083
0.000257646
0.000260231
0.000262839
0.000265469
0.000268121
0.000270796
0.000273493
0.000276214
0.000278958
0.000281726
0.000284517
0.000287332
0.000290171
0.000293034
0.000295921
0.000298833
0.000301769
0.000304729
0.000307715
0.000310726
0.000313763
0.000316825
0.000319913
0.000323026
0.000326165
0.00032933
0.000332521
0.00033574
0.000338985
0.000342257
0.000345557
0.000348883
0.000352237
0.000355618
0.000359027
0.000362465
0.00036593
0.000369425
0.000372948
 0.0003765
0.00038008
0.00038369
0.000387329
0.000390998
0.000394696
0.000398425
0.000402184
0.000405974
0.000409794
0.000413645
0.000417527
0.000421439
0.000425384
0.00042936
0.000433368
0.000437408
0.000441481
0.000445586
0.000449724
0.000453895
0.000458099
0.000462335
0.000466606
0.000470911
0.00047525
0.000479623
0.000484031
0.000488474
0.000492951
0.000497463
0.000502011
0.000506594
0.000511213
0.000515869
0.000520561
0.00052529
0.000530055
0.000534858
0.000539697
0.000544574
0.000549489
0.000554442
0.000559433
0.000564463
0.000569532
0.00057464
0.000579786
0.000584973
0.000590198
0.000595464
0.00060077
0.000606117
0.000611505
0.000616934
0.000622405
0.000627916
0.000633469
0.000639064
0.000644702
0.000650382
0.000656105
0.000661872
0.000667683
0.000673536
0.000679434
0.000685375
0.000691361
0.000697392
0.000703468
0.000709589
0.000715757
0.00072197
0.00072823
0.000734535
0.000740887
0.000747286
0.000753733
0.000760227
0.000766769
0.00077336
   0.00078
0.000786688
0.000793425
0.000800211
0.000807046
0.000813932
0.000820868
0.000827855
0.000834893
0.000841983
0.000849124
0.000856316
0.00086356
0.000870857
0.000878206
0.000885609
0.000893065
0.000900576
0.00090814
0.000915759
0.000923432
0.000931159
0.000938942
0.000946781
0.000954676
0.000962628
0.000970636
0.000978701
0.000986824
0.000995004
0.00100324
0.00101154
0.00101989
0.00102831
0.00103678
0.00104531
0.00105391
0.00106256
0.00107128
0.00108005
0.00108889
0.00109779
0.00110675
0.00111577
0.00112486
0.00113401
0.00114322
 0.0011525
0.00116184
0.00117125
0.00118072
0.00119025
0.00119986
0.00120953
0.00121926
0.00122907
0.00123894
0.00124887
0.00125888
0.00126895
 0.0012791
0.00128931
0.00129959
0.00130994
0.00132037
0.00133086
0.00134143
0.00135206
0.00136277
0.00137355
 0.0013844
0.00139533
0.00140633
0.00141741
0.00142856
0.00143978
0.00145108
0.00146246
0.00147391
0.00148543
0.00149704
0.00150872
0.00152048
0.00153232
0.00154424
0.00155623
0.00156831
0.00158047
 0.0015927
0.00160502
0.00161742
 0.0016299
0.00164246
0.00165511
0.00166783
0.00168064
0.00169354
0.00170652
0.00171959
0.00173274
0.00174597
0.00175929
 0.0017727
 0.0017862
0.00179978
0.00181345
0.00182721
0.00184106
  0.001855
0.00186903
0.00188315
0.00189736
0.00191167
0.00192606
0.00194054
0.00195512
 0.0019698
0.00198456
0.00199943
0.00201438
0.00202943
0.00204458
0.00205982
0.00207516
 0.0020906
0.00210613
0.00212177
 0.0021375
0.00215333
0.00216927
 0.0021853
0.00220143
0.00221767
  0.002234
0.00225044
0.00226699
0.00228363
0.00230038
0.00231724
 0.0023342
0.00235126
0.00236843
0.00238571
 0.0024031
0.00242059
 0.0024382
0.00245591
0.00247373
0.00249166
 0.0025097
0.00252785
0.00254612
 0.0025645
0.00258299
0.00260159
0.00262031
0.00263914
0.00265809
0.00267715
0.00269633
0.00271562
