         0
0.00289941
 0.0205246
 0.0592901
  0.126319
  0.221115
  0.332377
  0.439463
  0.518271
  0.549285
  0.524498
  0.450323
  0.345259
  0.233303
  0.135858
 0.0654628
  0.023765
0.00423175
-0.00201005
-0.000162744
  0.011497
 0.0405514
  0.095566
   0.17976
  0.286349
  0.398015
  0.491161
  0.543439
   0.54153
  0.485962
  0.390909
  0.279094
  0.173898
 0.0919835
 0.0393456
 0.0121843
0.00177731
0.000811269
0.00805344
 0.0291085
 0.0728989
  0.145562
  0.244743
  0.357184
   0.46109
  0.532619
  0.553975
  0.519769
  0.438982
  0.331708
  0.222042
  0.130086
 0.0663296
 0.0305356
 0.0152104
  0.011724
 0.0160108
 0.0310892
 0.0651886
  0.126385
  0.216343
  0.326274
  0.437305
  0.525497
  0.569675
  0.558882
  0.496351
  0.398335
   0.28827
  0.188736
  0.114521
 0.0695361
 0.0485591
 0.0426107
 0.0452146
 0.0564729
 0.0829955
   0.13372
  0.213637
  0.318492
  0.433202
  0.535086
  0.600878
  0.614745
  0.573984
  0.490013
   0.38424
  0.280533
  0.197444
  0.143329
  0.116146
  0.107628
  0.109573
  0.119144
  0.140604
  0.182667
  0.252739
  0.350831
  0.466207
  0.578654
  0.664204
  0.703142
  0.687013
  0.621707
   0.52532
  0.421682
  0.332275
  0.269853
  0.236263
  0.225013
  0.227069
  0.236935
   0.25606
  0.291938
  0.353338
  0.443957
  0.557631
  0.677602
  0.780586
  0.844203
  0.854794
  0.812374
  0.730635
  0.631993
  0.539768
  0.470739
  0.431067
  0.417015
   0.41974
  0.431652
  0.451213
  0.483867
  0.538647
  0.622111
  0.732538
   0.85733
  0.975169
   1.06237
   1.10093
   1.08503
   1.02312
  0.934887
  0.844216
  0.771214
  0.726471
  0.709806
  0.713636
  0.729077
  0.751746
  0.784432
  0.835386
   0.91302
   1.01961
   1.14708
   1.27718
   1.38632
   1.45329
    1.4668
   1.42959
   1.35743
   1.27341
   1.20001
   1.15202
   1.13336
   1.13874
   1.15895
   1.18719
   1.22328
   1.27376
   1.34783
     1.451
   1.57978
    1.7198
   1.84888
   1.94393
   1.98894
   1.98077
   1.93034
   1.85865
    1.7893
   1.74076
   1.72133
   1.72888
   1.75491
   1.79092
   1.83373
   1.88749
   1.96104
   2.06227
   2.19188
   2.33994
   2.48687
   2.60907
   2.68681
   2.71134
   2.68809
    2.6347
   2.57464
   2.52917
   2.51092
   2.52158
   2.55444
   2.60012
   2.65282
   2.71377
   2.79052
   2.89221
    3.0232
   3.17811
   3.34094
   3.48892
   3.59986
   3.65996
   3.66888
   3.63986
   3.59491
   3.55701
   3.54272
   3.55795
   3.59869
   3.65577
   3.72124
   3.79331
   3.87742
   3.98287
   4.11679
   4.27824
    4.4554
    4.6276
   4.77153
   4.86924
   4.91469
   4.91597
   4.89234
    4.8673
   4.86061
    4.8825
   4.93245
   5.00248
   5.08333
   5.17033
   5.26621
   5.37941
   5.51883
   5.68745
     5.878
   6.07292
   6.24913
   6.38568
   6.47127
    6.5084
   6.51248
   6.50622
   6.51162
   6.54302
   6.60389
   6.68844
   6.78702
   6.89252
   7.00466
   7.13012
    7.2785
   7.45596
   7.65972
   7.87615
   8.08368
   8.25962
   8.38815
   8.46611
    8.5042
   8.52307
   8.54585
   8.59043
   8.66448
   8.76526
   8.88374
   9.01102
   9.14383
   9.28639
   9.44794
   9.63689
   9.85463
   10.0919
   10.3297
   10.5451
   10.7185
   10.8416
   10.9197
   10.9703
   11.0164
   11.0786
   11.1688
   11.2878
   11.4283
   11.5803
    11.738
   11.9026
   12.0822
   12.2862
   12.5196
   12.7778
   13.0451
   13.2995
   13.5192
   13.6909
   13.8146
   13.9035
   13.9792
   14.0643
   14.1742
    14.314
   14.4786
   14.6582
   14.8447
   15.0364
    15.239
   15.4625
   15.7144
   15.9943
   16.2908
   16.5838
   16.8505
   17.0736
   17.2477
   17.3812
   17.4933
   17.6071
   17.7412
   17.9046
   18.0957
   18.3056
   18.5246
    18.748
   18.9792
   19.2271
   19.5011
   19.8045
   20.1305
   20.4618
   20.7758
   21.0523
    21.281
   21.4651
   21.6203
   21.7691
   21.9325
   22.1234
   22.3437
   22.5864
   22.8412
    23.101
   23.3661
   23.6438
   23.9444
   24.2742
   24.6307
   25.0003
   25.3618
   25.6932
     25.98
     26.22
   26.4249
   26.6153
   26.8137
   27.0363
   27.2889
   27.5673
   27.8612
   28.1617
    28.466
   28.7792
   29.1113
   29.4712
   29.8601
   30.2686
   30.6778
   31.0653
   31.4129
   31.7136
   31.9743
   32.2132
   32.4527
    32.712
   33.0007
   33.3176
   33.6538
   33.9989
   34.3475
    34.702
   35.0713
   35.4656
   35.8898
   36.3385
   36.7959
   37.2402
   37.6508
   38.0164
   38.3388
   38.6326
   38.9198
   39.2212
   39.5503
   39.9091
   40.2907
   40.6844
   41.0821
   41.4836
   41.8959
   42.3298
   42.7928
   43.2837
   43.7904
   44.2923
   44.7679
   45.2017
   45.5909
   45.9462
   46.2876
   46.6372
   47.0113
   47.4159
   47.8463
   48.2921
   48.7436
   49.1976
    49.659
    50.138
   50.6442
   51.1802
   51.7376
   52.2983
   52.8402
   53.3453
    53.806
   54.2286
   54.6308
   55.0348
   55.4594
    55.914
   56.3968
   56.8984
   57.4081
   57.9199
   58.4363
   58.9663
   59.5208
   60.1055
   60.7158
   61.3367
   61.9466
   62.5254
   63.0616
   63.5572
   64.0266
   64.4914
   64.9721
   65.4813
   66.0204
   66.5817
   67.1538
   67.7286
   68.3058
   68.8929
   69.5012
   70.1389
   70.8051
    71.488
   72.1675
   72.8224
   73.4377
   74.0113
    74.554
   75.0859
   75.6287
   76.1976
   76.7974
   77.4222
   78.0609
   78.7036
   79.3473
   79.9977
   80.6656
   81.3611
   82.0868
   82.8342
   83.5853
   84.3184
   85.0161
   85.6722
   86.2939
   86.8992
   87.5102
   88.1444
   88.8094
   89.5019
   90.2114
   90.9267
   91.6425
   92.3621
   93.0957
   93.8545
   94.6438
   95.4588
   96.2838
   97.0975
   97.8805
   98.6232
   99.3291
   100.014
   100.699
   101.404
    102.14
   102.904
   103.689
   104.481
   105.275
   106.069
   106.875
   107.702
    108.56
   109.446
   110.348
   111.245
   112.116
   112.949
   113.744
   114.514
    115.28
   116.062
   116.872
   117.714
   118.578
   119.453
   120.328
   121.204
   122.087
    122.99
   123.921
   124.883
   125.864
   126.847
   127.809
   128.736
   129.625
   130.485
   131.337
   132.202
   133.094
   134.017
   134.966
   135.927
    136.89
   137.852
   138.819
   139.802
   140.813
   141.855
    142.92
   143.992
   145.048
   146.072
   147.059
   148.015
   148.958
   149.911
    150.89
   151.901
   152.938
   153.991
   155.046
     156.1
   157.157
   158.227
   159.322
   160.449
   161.603
   162.767
   163.921
   165.046
   166.134
    167.19
   168.231
   169.278
    170.35
   171.453
   172.585
   173.733
   174.886
   176.037
   177.189
   178.351
   179.538
   180.755
   182.002
   183.262
   184.517
   185.746
   186.939
     188.1
   189.243
   190.391
    191.56
   192.762
   193.993
   195.243
   196.498
   197.751
   199.003
   200.264
   201.548
   202.862
   204.206
   205.567
   206.926
   208.262
   209.565
   210.834
   212.085
   213.338
   214.612
   215.918
   217.254
    218.61
   219.972
   221.333
    222.69
   224.055
   225.441
   226.857
   228.304
   229.771
   231.239
   232.686
   234.101
   235.484
   236.846
    238.21
   239.594
   241.009
   242.456
   243.924
   245.399
   246.871
    248.34
   249.814
   251.308
   252.832
   254.388
   255.966
   257.546
   259.108
   260.639
   262.138
   263.617
   265.097
   266.597
   268.128
   269.691
   271.276
   272.868
   274.456
   276.041
   277.631
   279.239
   280.877
   282.547
   284.241
   285.938
   287.619
   289.269
   290.889
   292.489
   294.089
   295.711
   297.364
    299.05
   300.757
    302.47
    304.18
   305.886
   307.595
   309.323
   311.081
   312.872
   314.687
   316.505
   318.309
   320.082
   321.826
   323.551
   325.278
   327.027
   328.809
   330.622
   332.457
   334.297
   336.133
   337.964
   339.799
   341.652
   343.537
   345.454
   347.395
    349.34
   351.269
   353.169
   355.041
   356.896
   358.755
   360.637
   362.553
     364.5
   366.467
   368.439
   370.405
   372.366
   374.331
   376.316
   378.333
   380.383
   382.455
   384.531
    386.59
   388.621
   390.624
   392.613
   394.609
   396.631
   398.687
   400.774
   402.879
   404.986
   407.087
   409.182
   411.283
   413.406
   415.561
    417.75
   419.959
   422.169
   424.362
   426.526
   428.665
   430.793
   432.933
   435.101
   437.304
   439.536
   441.783
    444.03
   446.269
   448.503
   450.745
   453.012
   455.312
   457.645
   459.996
   462.345
   464.674
   466.976
   469.254
   471.528
   473.817
   476.137
   478.492
   480.875
   483.268
   485.658
    488.04
   490.418
   492.808
   495.224
   497.676
   500.158
   502.655
   505.147
   507.616
   510.058
   512.482
   514.906
   517.351
   519.831
   522.344
   524.881
   527.425
   529.962
   532.489
   535.017
    537.56
   540.134
   542.743
    545.38
   548.027
   550.663
   553.276
   555.862
   558.437
   561.019
   563.627
   566.272
   568.949
   571.644
    574.34
   577.027
   579.706
   582.389
   585.093
    587.83
   590.602
   593.398
   596.198
   598.982
    601.74
   604.477
   607.209
   609.956
   612.736
   615.552
   618.397
   621.252
   624.104
   626.944
   629.779
   632.624
   635.495
   638.403
   641.344
   644.301
   647.255
   650.189
   653.097
    655.99
   658.888
    661.81
   664.768
    667.76
   670.774
   673.792
     676.8
   679.798
   682.795
    685.81
   688.858
   691.943
   695.055
   698.175
   701.284
    704.37
   707.434
   710.492
   713.564
   716.669
   719.811
   722.983
   726.168
   729.348
   732.516
   735.676
   738.845
   742.039
    745.27
   748.536
   751.821
   755.105
    758.37
   761.611
   764.838
   768.071
   771.329
   774.625
   777.956
   781.308
   784.662
   788.005
   791.336
   794.667
   798.017
     801.4
   804.821
    808.27
   811.727
   815.172
   818.595
   821.998
   825.399
   828.819
   832.273
   835.766
   839.287
   842.816
   846.338
   849.847
   853.348
   856.861
   860.402
   863.982
   867.596
   871.227
   874.853
   878.459
   882.044
    885.62
   889.208
   892.828
   896.487
   900.178
   903.885
   907.589
   911.278
   914.957
    918.64
   922.347
   926.092
   929.873
   933.679
   937.486
   941.278
   945.047
   948.804
   952.568
   956.359
   960.189
   964.056
   967.943
    971.83
   975.704
   979.565
   983.425
   987.304
   991.219
   995.173
   999.155
   1003.15
   1007.12
   1011.08
   1015.02
   1018.97
   1022.94
   1026.94
   1030.99
   1035.06
   1039.13
    1043.2
   1047.24
   1051.28
   1055.34
   1059.43
   1063.57
   1067.73
    1071.9
   1076.07
   1080.22
   1084.35
   1088.48
   1092.63
   1096.82
   1101.05
   1105.31
   1109.57
   1113.82
   1118.06
   1122.29
   1126.53
    1130.8
   1135.12
   1139.47
   1143.83
   1148.19
   1152.53
   1156.85
   1161.17
   1165.51
   1169.89
   1174.31
   1178.76
   1183.22
   1187.66
   1192.09
   1196.51
   1200.94
    1205.4
   1209.91
   1214.45
      1219
   1223.55
   1228.08
    1232.6
   1237.11
   1241.65
   1246.23
   1250.84
   1255.49
   1260.14
   1264.78
    1269.4
   1274.01
   1278.64
   1283.29
   1287.99
   1292.73
   1297.48
