0	0
0.0001	7.14E-07
0.0002	2.83E-06
0.0003	6.30E-06
0.0004	1.10E-05
0.0005	1.69E-05
0.0006	2.39E-05
0.0007	3.18E-05
0.0008	4.06E-05
0.0009	5.04E-05
0.001	6.10E-05
0.0011	7.27E-05
0.0012	8.53E-05
0.0013	9.90E-05
0.0014	0.000113897
0.0015	0.000129963
0.0016	0.000147277
0.0017	0.000165874
0.0018	0.000185781
0.0019	0.000207011
0.002	0.000229564
0.0021	0.000253419
0.0022	0.00027854
0.0023	0.000304874
0.0024	0.00033236
0.0025	0.000360933
0.0026	0.000390535
0.0027	0.000421123
0.0028	0.000452672
0.0029	0.000485183
0.003	0.000518677
0.0031	0.000553196
0.0032	0.000588795
0.0033	0.000625532
0.0034	0.000663468
0.0035	0.000702658
0.0036	0.00074314
0.0037	0.000784941
0.0038	0.000828066
0.0039	0.000872501
0.004	0.000918217
0.0041	0.000965163
0.0042	0.001013284
0.0043	0.001062518
0.0044	0.001112806
0.0045	0.0011641
0.0046	0.001216371
0.0047	0.001269617
0.0048	0.001323829
0.0049	0.001379051
0.005	0.001435328
0.0051	0.001492713
0.0052	0.001551271
0.0053	0.001611062
0.0054	0.001672124
0.0055	0.001734505
0.0056	0.001798207
0.0057	0.001863218
0.0058	0.001929537
0.0059	0.0019971
0.006	0.002065862
0.0061	0.002135759
0.0062	0.00220673
0.0063	0.002278736
0.0064	0.002351728
0.0065	0.002425692
0.0066	0.002500629
0.0067	0.002576553
0.0068	0.002653514
0.0069	0.002731571
0.007	0.00281076
0.0071	0.002891167
0.0072	0.002972827
0.0073	0.003055789
0.0074	0.003140067
0.0075	0.003225664
0.0076	0.003312577
0.0077	0.003400756
0.0078	0.003490152
0.0079	0.003580721
0.008	0.003672386
0.0081	0.003765093
0.0082	0.003858809
0.0083	0.003953498
0.0084	0.004049165
0.0085	0.00414581
0.0086	0.004243473
0.0087	0.004342197
0.0088	0.004442043
0.0089	0.004543075
0.009	0.004645356
0.0091	0.004748903
0.0092	0.00485377
0.0093	0.00495997
0.0094	0.005067477
0.0095	0.005176269
0.0096	0.005286304
0.0097	0.005397526
0.0098	0.005509874
0.0099	0.005623301
0.01	0.005737737
0.0101	0.005853169
0.0102	0.005969565
0.0103	0.006086944
0.0104	0.006205324
0.0105	0.006324749
0.0106	0.006445265
0.0107	0.006566954
0.0108	0.006689846
0.0109	0.006814013
0.011	0.006939479
0.0111	0.007066269
0.0112	0.007194384
0.0113	0.007323793
0.0114	0.007454468
0.0115	0.007586347
0.0116	0.007719394
0.0117	0.007853523
0.0118	0.007988693
0.0119	0.008124855
0.012	0.008262003
0.0121	0.008400125
0.0122	0.008539242
0.0123	0.008679379
0.0124	0.008820596
0.0125	0.008962941
0.0126	0.009106486
0.0127	0.009251278
0.0128	0.00939736
0.0129	0.009544763
0.013	0.009693482
0.0131	0.009843521
0.0132	0.009994836
0.0133	0.010147387
0.0134	0.01030111
0.0135	0.010455956
0.0136	0.010611852
0.0137	0.01076878
0.0138	0.010926685
0.0139	0.011085559
0.014	0.011245398
0.0141	0.011406267
0.0142	0.011568259
0.0143	0.01173123
0.0144	0.011895471
0.0145	0.012060929
0.0146	0.012227646
0.0147	0.012395674
0.0148	0.012564997
0.0149	0.012735712
0.015	0.012907668
0.0151	0.013080811
0.0152	0.013255283
0.0153	0.013430792
0.0154	0.013607487
0.0155	0.013785141
0.0156	0.0139638
0.0157	0.014143477
0.0158	0.014324086
0.0159	0.01450569
0.016	0.014688438
0.0161	0.014872183
0.0162	0.015057041
0.0163	0.015243139
0.0164	0.015430513
0.0165	0.015619208
0.0166	0.015809198
0.0167	0.016000487
0.0168	0.016193089
0.0169	0.016387034
0.017	0.016582112
0.0171	0.016778372
0.0172	0.016975794
0.0173	0.017174244
0.0174	0.017373685
0.0175	0.017574134
0.0176	0.017775515
0.0177	0.017977904
0.0178	0.018181356
0.0179	0.018385826
0.018	0.018591437
0.0181	0.018798305
0.0182	0.019006288
0.0183	0.019215601
0.0184	0.019426312
0.0185	0.019638225
0.0186	0.019851523
0.0187	0.020066067
0.0188	0.020281891
0.0189	0.020498875
0.019	0.020717081
0.0191	0.020936296
0.0192	0.021156479
0.0193	0.021377752
0.0194	0.021599951
0.0195	0.021823163
0.0196	0.022047361
0.0197	0.022272599
0.0198	0.022498994
0.0199	0.022726482
0.02	0.022955281
0.0201	0.023185289
0.0202	0.023416554
0.0203	0.023649252
0.0204	0.023883207
0.0205	0.024118462
0.0206	0.024354927
0.0207	0.024592691
0.0208	0.024831573
0.0209	0.025071574
0.021	0.025312646
0.0211	0.025554699
0.0212	0.025797778
0.0213	0.026041747
0.0214	0.026286742
0.0215	0.026532853
0.0216	0.026779991
0.0217	0.027028202
0.0218	0.027277711
0.0219	0.027528386
0.022	0.027780405
0.0221	0.028033771
0.0222	0.028288348
0.0223	0.028544317
0.0224	0.02880163
0.0225	0.029060019
0.0226	0.029319707
0.0227	0.029580513
0.0228	0.029842391
0.0229	0.030105294
0.023	0.030369134
0.0231	0.030633953
0.0232	0.030899842
0.0233	0.031166712
0.0234	0.031434698
0.0235	0.031703712
0.0236	0.031973889
0.0237	0.032245411
0.0238	0.032518054
0.0239	0.032792089
0.024	0.033067515
0.0241	0.033344109
0.0242	0.033622139
0.0243	0.033901335
0.0244	0.034181741
0.0245	0.0344634
0.0246	0.034746087
0.0247	0.035029844
0.0248	0.035314538
0.0249	0.03560021
0.025	0.035886952
0.0251	0.036174674
0.0252	0.036463422
0.0253	0.036753242
0.0254	0.037044269
0.0255	0.037336417
0.0256	0.037629955
0.0257	0.037924662
0.0258	0.038220804
0.0259	0.038518162
0.026	0.038816956
0.0261	0.039116873
0.0262	0.03941809
0.0263	0.039720516
0.0264	0.04002406
0.0265	0.040328587
0.0266	0.040634227
0.0267	0.040940847
0.0268	0.041248357
0.0269	0.041556979
0.027	0.041866538
0.0271	0.042177302
0.0272	0.042489094
0.0273	0.042802097
0.0274	0.04311631
0.0275	0.04343187
0.0276	0.04374869
0.0277	0.044066902
0.0278	0.044386375
0.0279	0.044707061
0.028	0.045029138
0.0281	0.045352336
0.0282	0.045676697
0.0283	0.046002086
0.0284	0.046328634
0.0285	0.046656072
0.0286	0.046984578
0.0287	0.047314018
0.0288	0.047644526
0.0289	0.047976016
0.029	0.048308758
0.0291	0.048642528
0.0292	0.048977645
0.0293	0.04931393
0.0294	0.049651475
0.0295	0.049990414
0.0296	0.050330747
0.0297	0.050672252
0.0298	0.051015104
0.0299	0.051359168
0.03	0.051704351
0.0301	0.052050699
0.0302	0.052398026
0.0303	0.052746421
0.0304	0.053095795
0.0305	0.053446238
0.0306	0.053797569
0.0307	0.054150059
0.0308	0.054503576
0.0309	0.054858256
0.031	0.055214103
0.0311	0.055571251
0.0312	0.055929662
0.0313	0.056289377
0.0314	0.056650444
0.0315	0.057012816
0.0316	0.057376494
0.0317	0.057741341
0.0318	0.058107443
0.0319	0.058474573
0.032	0.058842909
0.0321	0.059212227
0.0322	0.059582566
0.0323	0.059953794
0.0324	0.060326222
0.0325	0.060699542
0.0326	0.061074019
0.0327	0.061449481
0.0328	0.061826289
0.0329	0.062204175
0.033	0.062583411
0.0331	0.062963999
0.0332	0.06334585
0.0333	0.063729097
0.0334	0.064113517
0.0335	0.064499288
0.0336	0.064886271
0.0337	0.065274372
0.0338	0.065663503
0.0339	0.066053791
0.034	0.066445104
0.0341	0.066837305
0.0342	0.067230615
0.0343	0.06762486
0.0344	0.06802022
0.0345	0.068416697
0.0346	0.068814293
0.0347	0.069213148
0.0348	0.069613263
0.0349	0.070014685
0.035	0.070417328
0.0351	0.070821369
0.0352	0.071226764
0.0353	0.071633329
0.0354	0.072041202
0.0355	0.072450194
0.0356	0.072860305
0.0357	0.073271487
0.0358	0.073683737
0.0359	0.074097054
0.036	0.074511257
0.0361	0.074926484
0.0362	0.075342778
0.0363	0.075760233
0.0364	0.076178763
0.0365	0.076598416
0.0366	0.077019463
0.0367	0.077441685
0.0368	0.077865263
0.0369	0.078290196
0.037	0.078716394
0.0371	0.079143902
0.0372	0.07957258
0.0373	0.080002563
0.0374	0.080433574
0.0375	0.080865795
0.0376	0.081298992
0.0377	0.081733213
0.0378	0.082168453
0.0379	0.082604717
0.038	0.083041956
0.0381	0.083480313
0.0382	0.083919742
0.0383	0.084360427
0.0384	0.08480233
0.0385	0.085245496
0.0386	0.085689927
0.0387	0.086135673
0.0388	0.086582819
0.0389	0.087031232
0.039	0.087480865
0.0391	0.087931712
0.0392	0.088383726
0.0393	0.08883686
0.0394	0.089291064
0.0395	0.089746245
0.0396	0.090202534
0.0397	0.090659713
0.0398	0.091118
0.0399	0.091577358
0.04	0.092037835
0.0401	0.092499387
0.0402	0.092962245
0.0403	0.093426231
0.0404	0.093891619
0.0405	0.094358323
0.0406	0.094826295
0.0407	0.095295626
0.0408	0.095766268
0.0409	0.09623804
0.041	0.09671098
0.0411	0.097185129
0.0412	0.09766035
0.0413	0.098136504
0.0414	0.098613813
0.0415	0.099092097
0.0416	0.099571403
0.0417	0.100051733
0.0418	0.10053309
0.0419	0.101015657
0.042	0.101499438
0.0421	0.101984483
0.0422	0.102470797
0.0423	0.102958381
0.0424	0.103447283
0.0425	0.103937545
0.0426	0.104428987
0.0427	0.104921783
0.0428	0.105415796
0.0429	0.105910843
0.043	0.106407095
0.0431	0.106904327
0.0432	0.107402582
0.0433	0.107901901
0.0434	0.108402194
0.0435	0.1089036
0.0436	0.109405986
0.0437	0.109909539
0.0438	0.110414531
0.0439	0.110920607
0.044	0.11142759
0.0441	0.111936389
0.0442	0.112446096
0.0443	0.112956669
0.0444	0.113469965
0.0445	0.113983305
0.0446	0.114498546
0.0447	0.115013957
0.0448	0.115531353
0.0449	0.116049952
0.045	0.11656889
0.0451	0.117089897
0.0452	0.117611284
0.0453	0.118132925
0.0454	0.118656676
0.0455	0.119181546
0.0456	0.119706544
0.0457	0.120234392
0.0458	0.120762242
0.0459	0.121291951
0.046	0.121822485
0.0461	0.122354837
0.0462	0.122888099
0.0463	0.123422272
0.0464	0.123958346
0.0465	0.124495414
0.0466	0.125033645
0.0467	0.125572995
0.0468	0.126113507
0.0469	0.126655305
0.047	0.127197357
0.0471	0.127740654
0.0472	0.128285154
0.0473	0.128830773
0.0474	0.129377427
0.0475	0.129926026
0.0476	0.13047471
0.0477	0.131025172
0.0478	0.131577453
0.0479	0.132130562
0.048	0.132684624
0.0481	0.133240464
0.0482	0.133797258
0.0483	0.134355088
0.0484	0.134914864
0.0485	0.135474893
0.0486	0.136036125
0.0487	0.136598519
0.0488	0.137162157
0.0489	0.137726998
0.049	0.138292132
0.0491	0.138859337
0.0492	0.139426669
0.0493	0.139995988
0.0494	0.140566219
0.0495	0.141137404
0.0496	0.14171041
0.0497	0.142284245
0.0498	0.142859861
0.0499	0.14343639
0.05	0.144013873
0.0501	0.144593262
0.0502	0.145173689
0.0503	0.145755194
0.0504	0.146337903
0.0505	0.146920904
0.0506	0.147505108
0.0507	0.148091426
0.0508	0.148678035
0.0509	0.149265805
0.051	0.149854654
0.0511	0.15044454
0.0512	0.151035421
0.0513	0.151628168
0.0514	0.152221745
0.0515	0.152816236
0.0516	0.15341338
0.0517	0.154010527
0.0518	0.154609499
0.0519	0.155209427
0.052	0.155811304
0.0521	0.15641339
0.0522	0.157017508
0.0523	0.157621877
0.0524	0.158227489
0.0525	0.158833393
0.0526	0.15944141
0.0527	0.160050588
0.0528	0.160659934
0.0529	0.16127127
0.053	0.161883603
0.0531	0.16249685
0.0532	0.163111883
0.0533	0.16372783
0.0534	0.164344611
0.0535	0.164964089
0.0536	0.165583531
0.0537	0.166204882
0.0538	0.166827231
0.0539	0.16745066
0.054	0.168075251
0.0541	0.168700962
0.0542	0.169326964
0.0543	0.169955121
0.0544	0.170583527
0.0545	0.171214048
0.0546	0.171844735
0.0547	0.172476502
0.0548	0.173110179
0.0549	0.1737439
0.055	0.174380322
0.0551	0.175017578
0.0552	0.175655752
0.0553	0.17629476
0.0554	0.17693647
0.0555	0.177578226
0.0556	0.178221893
0.0557	0.178866601
0.0558	0.179511516
0.0559	0.180158506
0.056	0.180805785
0.0561	0.181455179
0.0562	0.182104863
0.0563	0.182755666
0.0564	0.183407631
0.0565	0.184060676
0.0566	0.184714719
0.0567	0.185370593
0.0568	0.186027385
0.0569	0.186685054
0.057	0.187344474
0.0571	0.188005686
0.0572	0.188666821
0.0573	0.189330744
0.0574	0.189994711
0.0575	0.190660674
0.0576	0.191326804
0.0577	0.191994969
0.0578	0.192663422
0.0579	0.193333077
0.058	0.194003893
0.0581	0.194675911
0.0582	0.19534905
0.0583	0.196023269
0.0584	0.196698488
0.0585	0.197374666
0.0586	0.198052678
0.0587	0.198731529
0.0588	0.199412133
0.0589	0.200093617
0.059	0.200776896
0.0591	0.201461055
0.0592	0.202146174
0.0593	0.20283329
0.0594	0.203520532
0.0595	0.204208896
0.0596	0.204899378
0.0597	0.205590105
0.0598	0.206282074
0.0599	0.206975165
0.06	0.2076685
0.0601	0.208363833
0.0602	0.209060166
0.0603	0.20975746
0.0604	0.21045655
0.0605	0.211156561
0.0606	0.211858289
0.0607	0.212560858
0.0608	0.213264309
0.0609	0.213969598
0.061	0.214675808
0.0611	0.215383978
0.0612	0.216092273
0.0613	0.216802606
0.0614	0.217513185
0.0615	0.218224965
0.0616	0.218937947
0.0617	0.21965209
0.0618	0.220366438
0.0619	0.221082784
0.062	0.221800172
0.0621	0.222518482
0.0622	0.223238631
0.0623	0.223959662
0.0624	0.224682454
0.0625	0.225406089
0.0626	0.226130568
0.0627	0.226856848
0.0628	0.227584051
0.0629	0.228312297
0.063	0.229042504
0.0631	0.229772915
0.0632	0.230505367
0.0633	0.231238142
0.0634	0.231972039
0.0635	0.232707137
0.0636	0.233442438
0.0637	0.23417974
0.0638	0.234918084
0.0639	0.23565831
0.064	0.236398501
0.0641	0.237140496
0.0642	0.237884214
0.0643	0.238628817
0.0644	0.239374227
0.0645	0.24012148
0.0646	0.240869618
0.0647	0.24161968
0.0648	0.242369906
0.0649	0.243122134
0.065	0.243874606
0.0651	0.244628239
0.0652	0.245383034
0.0653	0.24613903
0.0654	0.246896148
0.0655	0.247654349
0.0656	0.248413553
0.0657	0.249174642
0.0658	0.249935736
0.0659	0.250699517
0.066	0.251463225
0.0661	0.252228701
0.0662	0.252995905
0.0663	0.253763996
0.0664	0.254533014
0.0665	0.2553038
0.0666	0.256075182
0.0667	0.256848019
0.0668	0.257621255
0.0669	0.258396729
0.067	0.25917221
0.0671	0.25994901
0.0672	0.260727128
0.0673	0.261506172
0.0674	0.262287063
0.0675	0.263067961
0.0676	0.263851098
0.0677	0.264634771
0.0678	0.265419902
0.0679	0.266206351
0.068	0.266994259
0.0681	0.267783095
0.0682	0.268573781
0.0683	0.269364865
0.0684	0.270157408
0.0685	0.27095127
0.0686	0.271745528
0.0687	0.272541636
0.0688	0.273338141
0.0689	0.274136495
0.069	0.274935245
0.0691	0.275734923
0.0692	0.276536452
0.0693	0.277338376
0.0694	0.278141762
0.0695	0.278947387
0.0696	0.279753553
0.0697	0.280560262
0.0698	0.28136921
0.0699	0.282179622
0.07	0.282990043
0.0701	0.283802704
0.0702	0.284616295
0.0703	0.285430816
0.0704	0.286246268
0.0705	0.287063036
0.0706	0.287880199
0.0707	0.2886996
0.0708	0.289519009
0.0709	0.290340271
0.071	0.291161926
0.0711	0.291985048
0.0712	0.29281041
0.0713	0.293635394
0.0714	0.294463155
0.0715	0.29529054
0.0716	0.296120164
0.0717	0.296951258
0.0718	0.297783285
0.0719	0.298616628
0.072	0.299450519
0.0721	0.300285727
0.0722	0.30112225
0.0723	0.301959705
0.0724	0.302798476
0.0725	0.303638179
0.0726	0.304479197
0.0727	0.305321146
0.0728	0.306163104
0.0729	0.307008225
0.073	0.307852971
0.0731	0.308699574
0.0732	0.309548034
0.0733	0.310397046
0.0734	0.31124699
0.0735	0.312098793
0.0736	0.31295153
0.0737	0.3138052
0.0738	0.314660729
0.0739	0.315516648
0.074	0.316374427
0.0741	0.317232595
0.0742	0.318092077
0.0743	0.318952493
0.0744	0.319813842
0.0745	0.320676506
0.0746	0.321540103
0.0747	0.32240518
0.0748	0.323271571
0.0749	0.324138895
0.075	0.325007701
0.0751	0.325877441
0.0752	0.326748663
0.0753	0.327621199
0.0754	0.328494293
0.0755	0.329369248
0.0756	0.330245516
0.0757	0.331122173
0.0758	0.332000314
0.0759	0.33287922
0.076	0.333759988
0.0761	0.334640765
0.0762	0.335522855
0.0763	0.336406806
0.0764	0.337290767
0.0765	0.33817659
0.0766	0.33906335
0.0767	0.339951971
0.0768	0.340841153
0.0769	0.341732198
0.077	0.34262418
0.0771	0.3435171
0.0772	0.344411507
0.0773	0.345307228
0.0774	0.346203887
0.0775	0.347101858
0.0776	0.34799984
0.0777	0.348899686
0.0778	0.34980122
0.0779	0.350702389
0.078	0.351605797
0.0781	0.352509589
0.0782	0.353414871
0.0783	0.354321092
0.0784	0.355229177
0.0785	0.356138201
0.0786	0.357048717
0.0787	0.357960172
0.0788	0.358872566
0.0789	0.359786826
0.079	0.360701653
0.0791	0.361617792
0.0792	0.36253487
0.0793	0.363453261
0.0794	0.36437259
0.0795	0.36529323
0.0796	0.36621481
0.0797	0.367137701
0.0798	0.36806153
0.0799	0.368986299
0.08	0.369912007
0.0801	0.370838655
0.0802	0.371767171
0.0803	0.372697184
0.0804	0.373628138
0.0805	0.374560033
0.0806	0.375493797
0.0807	0.376428131
0.0808	0.377363407
0.0809	0.378300924
0.081	0.379238452
0.0811	0.38017729
0.0812	0.381117999
0.0813	0.38205872
0.0814	0.38300075
0.0815	0.38394409
0.0816	0.384888371
0.0817	0.385833593
0.0818	0.386780318
0.0819	0.387728351
0.082	0.388676959
0.0821	0.389627438
0.0822	0.390578859
0.0823	0.391531785
0.0824	0.392485654
0.0825	0.393440465
0.0826	0.394397149
0.0827	0.395354777
0.0828	0.396312784
0.0829	0.397272664
0.083	0.398232923
0.0831	0.399195055
0.0832	0.400157565
0.0833	0.401121018
0.0834	0.402085414
0.0835	0.403052049
0.0836	0.404019261
0.0837	0.404987416
0.0838	0.405957446
0.0839	0.406928054
0.084	0.407900538
0.0841	0.408873601
0.0842	0.409847609
0.0843	0.410823857
0.0844	0.411800685
0.0845	0.412778823
0.0846	0.413756973
0.0847	0.414737364
0.0848	0.415718699
0.0849	0.41670041
0.085	0.417683997
0.0851	0.418667959
0.0852	0.419653436
0.0853	0.420640219
0.0854	0.421627585
0.0855	0.422616828
0.0856	0.423607017
0.0857	0.424597789
0.0858	0.425590439
0.0859	0.426584967
0.086	0.427579148
0.0861	0.428575569
0.0862	0.429572576
0.0863	0.43057089
0.0864	0.431570511
0.0865	0.432571079
0.0866	0.433572954
0.0867	0.434574842
0.0868	0.435578609
0.0869	0.436583682
0.087	0.437589702
0.0871	0.438596308
0.0872	0.439603861
0.0873	0.440613294
0.0874	0.441624608
0.0875	0.44263651
0.0876	0.443649001
0.0877	0.444663733
0.0878	0.445679054
0.0879	0.446695682
0.088	0.447713258
0.0881	0.448731782
0.0882	0.449751612
0.0883	0.450772391
0.0884	0.451794475
0.0885	0.452816572
0.0886	0.453840552
0.0887	0.454865837
0.0888	0.455891714
0.0889	0.456919829
0.089	0.457948536
0.0891	0.458977837
0.0892	0.46000902
0.0893	0.461041153
0.0894	0.462074815
0.0895	0.463109426
0.0896	0.464144988
0.0897	0.465181855
0.0898	0.466219672
0.0899	0.467258439
0.09	0.46829851
0.0901	0.469339532
0.0902	0.470381857
0.0903	0.471425133
0.0904	0.472469358
0.0905	0.473514533
0.0906	0.474560658
0.0907	0.475608668
0.0908	0.476657276
0.0909	0.47770777
0.091	0.478759215
0.0911	0.479812193
0.0912	0.480865771
0.0913	0.481920654
0.0914	0.482976487
0.0915	0.484033273
0.0916	0.485091363
0.0917	0.486150404
0.0918	0.487210749
0.0919	0.488272045
0.092	0.489334644
0.0921	0.490397843
0.0922	0.491462345
0.0923	0.492527798
0.0924	0.493594789
0.0925	0.494662733
0.0926	0.495731278
0.0927	0.496801712
0.0928	0.497874036
0.0929	0.498946964
0.093	0.500020258
0.0931	0.501096029
0.0932	0.502171817
0.0933	0.503248908
0.0934	0.504327301
0.0935	0.505406648
0.0936	0.506486948
0.0937	0.507567612
0.0938	0.508650167
0.0939	0.509733675
0.094	0.510818136
0.0941	0.511904489
0.0942	0.512991447
0.0943	0.51407936
0.0944	0.515168817
0.0945	0.516259229
0.0946	0.517351533
0.0947	0.518443508
0.0948	0.519537723
0.0949	0.52063383
0.095	0.521729955
0.0951	0.522826097
0.0952	0.523924479
0.0953	0.525024161
0.0954	0.526124798
0.0955	0.527225451
0.0956	0.528327998
0.0957	0.5294315
0.0958	0.530535957
0.0959	0.531642308
0.096	0.53274927
0.0961	0.533858127
0.0962	0.534967595
0.0963	0.53607802
0.0964	0.537189997
0.0965	0.538303274
0.0966	0.53941657
0.0967	0.540531761
0.0968	0.541647909
0.0969	0.542765357
0.097	0.543883166
0.0971	0.54500287
0.0972	0.546122591
0.0973	0.547244209
0.0974	0.548366783
0.0975	0.549490314
0.0976	0.550614802
0.0977	0.551740846
0.0978	0.552867846
0.0979	0.553996403
0.098	0.555125918
0.0981	0.556256051
0.0982	0.557388423
0.0983	0.558520813
0.0984	0.559655102
0.0985	0.560790349
0.0986	0.561925955
0.0987	0.56306252
0.0988	0.564201323
0.0989	0.565340143
0.099	0.566479922
0.0991	0.5676216
0.0992	0.568763296
0.0993	0.569906891
0.0994	0.571052046
0.0995	0.572197822
0.0996	0.573344896
0.0997	0.574493194
0.0998	0.57564279
0.0999	0.576793008
